780.000,1.000,8.460,3.590
790.000,1.000,9.570,3.790
800.000,1.000,10.670,3.990
800.000,2.000,13.640,5.800
810.000,1.000,11.730,4.320
810.000,2.000,12.090,5.750
820.000,1.000,12.810,4.610
820.000,2.000,11.370,5.800
830.000,2.000,10.310,5.970
830.000,3.000,12.490,6.600
840.000,2.000,9.570,6.240
840.000,3.000,11.940,6.770
850.000,2.000,8.730,6.340
850.000,3.000,11.030,6.840
850.000,4.000,-1.320,5.110
850.000,5.000,-1.480,4.430
850.000,6.000,11.840,5.820
860.000,2.000,7.940,6.500
860.000,3.000,10.210,6.810
860.000,4.000,-0.330,5.060
860.000,5.000,-0.490,4.380
860.000,6.000,10.910,5.920
870.000,2.000,7.170,6.620
870.000,3.000,9.360,6.850
870.000,4.000,0.760,5.000
870.000,5.000,0.600,4.230
870.000,6.000,10.000,5.890
880.000,2.000,6.470,6.680
880.000,3.000,8.590,6.850
880.000,4.000,1.760,4.890
880.000,5.000,1.600,4.130
880.000,6.000,9.090,6.020
890.000,2.000,5.860,6.820
890.000,3.000,7.780,6.840
890.000,4.000,2.810,4.830
890.000,5.000,2.670,4.070
890.000,6.000,8.230,6.040
900.000,2.000,5.240,6.980
900.000,3.000,6.960,6.840
900.000,4.000,3.800,4.770
900.000,5.000,3.700,4.020
900.000,6.000,7.400,6.150
910.000,2.000,4.870,7.160
910.000,3.000,6.290,7.000
910.000,4.000,4.970,4.690
910.000,5.000,4.750,4.040
910.000,6.000,6.520,6.150
920.000,2.000,4.510,7.580
920.000,3.000,5.620,7.100
920.000,4.000,5.970,4.700
920.000,5.000,5.760,4.060
920.000,6.000,5.700,6.210
930.000,2.000,4.200,7.300
930.000,3.000,5.060,7.040
930.000,4.000,6.970,4.670
930.000,5.000,6.760,4.040
930.000,6.000,4.960,6.100
930.000,7.000,12.090,5.870
940.000,2.000,3.950,7.710
940.000,3.000,4.690,7.000
940.000,4.000,8.120,4.950
940.000,5.000,7.820,4.170
940.000,6.000,4.080,6.200
940.000,7.000,10.750,6.000
950.000,2.000,3.470,7.860
950.000,3.000,4.350,7.010
950.000,4.000,9.110,5.010
950.000,5.000,8.850,4.210
950.000,6.000,3.310,6.200
950.000,7.000,9.480,6.070
950.000,8.000,-2.480,-0.220
960.000,2.000,2.820,8.000
960.000,3.000,3.760,6.990
960.000,4.000,10.120,5.130
960.000,5.000,9.930,4.290
960.000,6.000,2.710,6.390
960.000,7.000,8.150,5.860
960.000,8.000,-1.670,0.530
970.000,2.000,2.010,8.000
970.000,3.000,3.190,6.890
970.000,4.000,11.010,5.320
970.000,5.000,10.820,4.490
970.000,6.000,2.130,6.290
970.000,7.000,6.860,5.830
970.000,8.000,-0.930,0.960
980.000,2.000,1.280,7.820
980.000,3.000,2.620,7.130
980.000,4.000,11.930,5.470
980.000,5.000,11.750,4.360
980.000,6.000,1.520,6.170
980.000,7.000,5.620,5.660
980.000,8.000,-0.140,1.500
990.000,2.000,0.540,7.400
990.000,3.000,1.780,7.150
990.000,6.000,0.900,6.120
990.000,7.000,4.310,5.440
990.000,8.000,0.820,1.830
1000.000,2.000,-0.180,7.060
1000.000,3.000,1.010,6.960
1000.000,6.000,0.480,6.010
1000.000,7.000,3.060,5.260
1000.000,8.000,1.590,2.130
1010.000,2.000,-0.830,6.430
1010.000,3.000,0.070,6.910
1010.000,6.000,-0.290,5.950
1010.000,7.000,1.840,5.070
1010.000,8.000,2.630,2.490
1020.000,2.000,-1.520,6.050
1020.000,3.000,-0.720,6.660
1020.000,6.000,-0.750,5.650
1020.000,7.000,0.700,4.910
1020.000,8.000,3.670,2.830
1030.000,8.000,4.460,2.720
1040.000,8.000,5.470,3.020
1050.000,8.000,6.500,3.240
1050.000,9.000,12.830,4.680
1050.000,10.000,12.780,5.290
1050.000,11.000,12.510,6.190
1050.000,12.000,12.090,6.950
1060.000,8.000,7.350,3.650
1060.000,9.000,12.830,4.680
1060.000,10.000,12.780,5.290
1060.000,11.000,11.540,6.030
1060.000,12.000,11.400,6.930
1070.000,8.000,8.290,3.920
1070.000,9.000,12.830,4.680
1070.000,10.000,12.780,5.290
1070.000,11.000,10.960,5.970
1070.000,12.000,10.700,6.870
1070.000,13.000,11.870,6.090
1070.000,14.000,13.200,6.510
1080.000,8.000,9.230,4.150
1080.000,9.000,12.830,4.640
1080.000,10.000,12.780,5.290
1080.000,11.000,10.290,6.120
1080.000,12.000,10.070,6.730
1080.000,13.000,11.340,6.140
1080.000,14.000,12.540,7.000
1090.000,8.000,10.080,4.340
1090.000,9.000,12.830,4.570
1090.000,10.000,12.800,5.260
1090.000,11.000,9.880,6.210
1090.000,12.000,9.450,6.510
1090.000,13.000,10.430,5.530
1090.000,14.000,11.940,7.220
1090.000,15.000,12.610,6.380
1100.000,8.000,10.890,4.530
1100.000,9.000,12.880,4.550
1100.000,10.000,12.910,5.250
1100.000,11.000,9.540,6.090
1100.000,12.000,8.900,6.330
1100.000,13.000,9.720,5.350
1100.000,14.000,11.290,7.420
1100.000,15.000,11.910,6.650
1100.000,16.000,12.100,5.490
1100.000,17.000,13.050,6.620
1110.000,8.000,11.590,4.680
1110.000,11.000,8.870,5.990
1110.000,12.000,8.210,6.230
1110.000,13.000,8.990,5.210
1110.000,14.000,10.580,7.560
1110.000,15.000,11.250,6.810
1110.000,16.000,11.210,5.800
1110.000,17.000,12.140,7.060
1110.000,18.000,12.810,6.250
1120.000,8.000,12.280,4.930
1120.000,11.000,8.040,5.660
1120.000,12.000,7.490,6.060
1120.000,13.000,8.270,5.010
1120.000,14.000,9.920,7.420
1120.000,15.000,10.430,6.820
1120.000,16.000,10.410,5.860
1120.000,17.000,11.250,7.240
1120.000,18.000,12.080,6.360
1120.000,20.000,12.810,6.520
1130.000,8.000,12.930,5.100
1130.000,11.000,7.170,5.450
1130.000,12.000,6.730,5.970
1130.000,13.000,7.580,4.900
1130.000,14.000,9.110,7.340
1130.000,15.000,9.600,6.690
1130.000,16.000,9.570,5.820
1130.000,17.000,10.380,7.440
1130.000,18.000,11.200,6.550
1130.000,20.000,12.070,6.940
1140.000,11.000,6.430,5.230
1140.000,12.000,5.980,5.800
1140.000,13.000,6.840,4.670
1140.000,14.000,8.350,7.320
1140.000,15.000,8.860,6.640
1140.000,16.000,8.850,5.630
1140.000,17.000,9.590,7.470
1140.000,18.000,10.310,6.710
1140.000,20.000,11.120,7.330
1150.000,11.000,5.670,5.160
1150.000,12.000,5.210,5.740
1150.000,13.000,6.090,4.440
1150.000,14.000,7.750,7.430
1150.000,15.000,8.090,6.550
1150.000,16.000,8.010,5.600
1150.000,17.000,8.680,7.670
1150.000,18.000,9.530,6.830
1150.000,20.000,10.120,7.500
1150.000,21.000,11.330,5.200
1160.000,11.000,4.940,4.950
1160.000,12.000,4.450,5.610
1160.000,13.000,5.380,4.170
1160.000,14.000,6.920,7.360
1160.000,15.000,7.320,6.510
1160.000,16.000,7.240,5.380
1160.000,17.000,7.570,7.950
1160.000,18.000,8.560,6.740
1160.000,20.000,8.990,7.480
1160.000,21.000,10.520,4.690
1170.000,11.000,4.260,4.710
1170.000,12.000,3.760,5.600
1170.000,13.000,4.680,3.910
1170.000,14.000,6.020,7.190
1170.000,15.000,6.550,6.400
1170.000,16.000,6.620,5.390
1170.000,17.000,6.770,7.970
1170.000,18.000,7.820,6.820
1170.000,20.000,7.980,7.510
1170.000,21.000,9.650,4.340
1180.000,11.000,3.540,4.540
1180.000,12.000,3.030,5.390
1180.000,13.000,4.010,3.710
1180.000,14.000,5.230,7.100
1180.000,15.000,5.770,6.260
1180.000,16.000,5.770,5.360
1180.000,17.000,5.910,8.160
1180.000,18.000,6.880,6.900
1180.000,20.000,7.050,7.620
1180.000,21.000,8.730,4.000
1190.000,11.000,2.820,4.350
1190.000,12.000,2.280,5.240
1190.000,13.000,3.300,3.570
1190.000,14.000,4.430,7.000
1190.000,15.000,5.000,6.070
1190.000,16.000,4.990,5.220
1190.000,17.000,4.930,8.130
1190.000,18.000,5.810,6.960
1190.000,20.000,5.900,7.710
1190.000,21.000,7.790,3.790
1200.000,11.000,2.160,4.190
1200.000,12.000,1.570,5.060
1200.000,13.000,2.590,3.420
1200.000,14.000,3.660,6.990
1200.000,15.000,4.160,6.010
1200.000,16.000,4.160,5.190
1200.000,17.000,3.500,8.040
1200.000,18.000,4.870,6.920
1200.000,20.000,4.870,7.680
1200.000,21.000,6.830,3.620
1210.000,11.000,1.390,3.970
1210.000,12.000,0.830,4.870
1210.000,13.000,1.890,3.280
1210.000,14.000,2.870,6.860
1210.000,15.000,3.390,5.830
1210.000,16.000,3.410,5.000
1210.000,17.000,2.440,7.900
1210.000,18.000,4.060,6.820
1210.000,20.000,3.910,7.710
1210.000,21.000,5.850,3.400
1220.000,11.000,0.710,3.720
1220.000,12.000,0.110,4.680
1220.000,13.000,1.220,3.060
1220.000,14.000,2.000,6.750
1220.000,15.000,2.370,5.980
1220.000,16.000,2.540,5.010
1220.000,17.000,1.480,7.630
1220.000,18.000,3.010,6.780
1220.000,20.000,2.950,7.800
1220.000,21.000,4.910,3.240
1220.000,22.000,11.860,5.170
1230.000,11.000,0.010,3.410
1230.000,12.000,-0.650,4.300
1230.000,13.000,0.530,2.760
1230.000,14.000,1.190,6.600
1230.000,15.000,1.530,5.830
1230.000,16.000,1.660,4.830
1230.000,17.000,0.530,7.310
1230.000,18.000,2.190,6.640
1230.000,20.000,1.930,7.800
1230.000,21.000,3.920,3.090
1230.000,22.000,10.950,4.940
1240.000,11.000,-0.630,3.080
1240.000,12.000,-1.480,3.900
1240.000,13.000,-0.070,2.470
1240.000,14.000,0.330,6.470
1240.000,15.000,0.680,5.710
1240.000,16.000,0.850,4.840
1240.000,17.000,-0.360,6.970
1240.000,18.000,1.260,6.730
1240.000,20.000,0.950,7.680
1240.000,21.000,3.050,2.800
1240.000,22.000,9.910,4.750
1250.000,22.000,8.850,4.570
1260.000,22.000,7.860,4.390
1270.000,22.000,6.830,4.220
1280.000,22.000,5.630,3.980
1280.000,23.000,9.460,5.400
1280.000,24.000,11.070,4.940
1280.000,25.000,12.570,6.200
1290.000,22.000,4.670,3.780
1290.000,23.000,8.410,5.240
1290.000,24.000,10.070,4.770
1290.000,25.000,10.860,6.560
1300.000,22.000,3.670,3.550
1300.000,23.000,7.350,5.180
1300.000,24.000,9.030,4.520
1300.000,25.000,9.260,6.870
1310.000,22.000,2.700,3.310
1310.000,23.000,6.370,5.230
1310.000,24.000,8.030,4.270
1310.000,25.000,7.850,7.190
1320.000,22.000,1.810,2.840
1320.000,23.000,5.450,5.180
1320.000,24.000,6.820,4.330
1320.000,25.000,6.480,7.570
1330.000,22.000,0.820,2.500
1330.000,23.000,4.580,5.260
1330.000,24.000,5.740,4.360
1330.000,25.000,5.160,7.930
1340.000,22.000,-0.050,2.230
1340.000,23.000,3.550,5.290
1340.000,24.000,4.660,4.320
1340.000,25.000,3.920,8.250
1340.000,26.000,-3.510,-1.630
1340.000,27.000,10.170,4.860
1350.000,22.000,-0.910,1.870
1350.000,23.000,2.590,5.420
1350.000,24.000,3.530,4.380
1350.000,25.000,2.680,8.710
1350.000,26.000,-2.970,-0.870
1350.000,27.000,9.210,4.560
1360.000,22.000,-2.020,1.550
1360.000,23.000,1.520,5.420
1360.000,24.000,2.450,4.360
1360.000,25.000,1.380,9.140
1360.000,26.000,-2.360,-0.360
1360.000,27.000,8.090,4.380
1370.000,23.000,0.480,5.340
1370.000,24.000,1.350,4.330
1370.000,25.000,0.370,9.730
1370.000,27.000,6.970,4.290
1380.000,27.000,5.800,4.230
1390.000,27.000,4.650,4.200
1450.000,28.000,10.020,4.290
1450.000,29.000,9.750,5.330
1450.000,30.000,3.080,2.760
1460.000,28.000,8.880,4.100
1460.000,29.000,8.800,5.320
1460.000,30.000,3.840,3.110
1470.000,28.000,7.930,4.100
1470.000,29.000,7.830,5.340
1470.000,30.000,4.400,3.130
1480.000,28.000,7.010,4.100
1480.000,29.000,6.810,5.190
1480.000,30.000,5.150,3.330
1490.000,28.000,5.860,4.080
1490.000,29.000,5.850,5.230
1490.000,30.000,5.910,3.450
1490.000,31.000,11.200,5.570
1500.000,28.000,4.870,4.040
1500.000,29.000,4.940,5.160
1500.000,30.000,6.780,3.530
1500.000,31.000,9.980,5.500
1510.000,28.000,3.960,3.870
1510.000,29.000,4.000,5.040
1510.000,30.000,7.640,3.700
1510.000,31.000,8.730,5.180
1520.000,28.000,2.960,3.820
1520.000,29.000,3.060,4.940
1520.000,30.000,8.420,3.890
1520.000,31.000,7.630,5.050
1530.000,28.000,2.030,3.740
1530.000,29.000,2.160,4.860
1530.000,30.000,9.180,4.030
1530.000,31.000,6.460,4.940
1530.000,33.000,13.100,6.200
1540.000,28.000,1.130,3.620
1540.000,29.000,1.150,4.860
1540.000,30.000,9.920,4.160
1540.000,31.000,5.400,4.970
1540.000,33.000,12.120,6.460
1540.000,34.000,12.560,5.640
1550.000,28.000,0.200,3.610
1550.000,29.000,0.200,4.890
1550.000,30.000,10.670,4.320
1550.000,31.000,4.360,5.180
1550.000,33.000,11.310,6.590
1550.000,34.000,11.530,5.820
1560.000,28.000,-0.720,3.510
1560.000,29.000,-0.810,4.910
1560.000,30.000,11.470,4.530
1560.000,31.000,3.300,5.220
1560.000,33.000,10.510,6.700
1560.000,34.000,10.550,5.830
1570.000,28.000,-1.790,3.530
1570.000,29.000,-1.700,5.020
1570.000,30.000,12.220,4.830
1570.000,31.000,2.260,5.330
1570.000,33.000,9.660,6.780
1570.000,34.000,9.710,5.860
1580.000,33.000,8.810,6.950
1580.000,34.000,8.850,6.020
1590.000,33.000,7.960,7.140
1590.000,34.000,7.960,6.200
1600.000,33.000,7.110,7.210
1600.000,34.000,7.140,6.220
1610.000,33.000,6.290,7.280
1610.000,34.000,6.260,6.260
1620.000,33.000,5.360,7.440
1620.000,34.000,5.200,6.390
1630.000,33.000,4.480,7.730
1630.000,34.000,4.340,6.660
1640.000,33.000,3.570,8.010
1640.000,34.000,3.470,6.930
1650.000,33.000,2.850,8.300
1650.000,34.000,2.720,7.220
1660.000,33.000,2.020,8.570
1660.000,34.000,1.650,7.590
1670.000,33.000,0.960,9.030
1670.000,34.000,0.670,8.020
1680.000,33.000,0.190,9.450
1680.000,34.000,0.010,8.480
1750.000,35.000,3.030,2.720
1760.000,35.000,3.840,3.050
1770.000,35.000,4.730,3.260
1780.000,35.000,5.600,3.490
1790.000,35.000,6.570,3.750
1800.000,35.000,7.450,3.940
1800.000,36.000,12.140,6.100
1810.000,35.000,8.380,4.130
1810.000,36.000,10.990,6.460
1810.000,37.000,13.060,5.510
1820.000,35.000,9.280,4.350
1820.000,36.000,9.860,6.710
1820.000,37.000,11.870,5.440
1830.000,35.000,10.140,4.490
1830.000,36.000,8.790,6.970
1830.000,37.000,10.660,5.550
1840.000,35.000,11.030,4.710
1840.000,36.000,7.730,7.230
1840.000,37.000,9.480,5.730
1850.000,35.000,11.880,4.870
1850.000,36.000,6.650,7.420
1850.000,37.000,8.300,5.820
1860.000,36.000,5.550,7.680
1860.000,37.000,7.170,5.950
1870.000,36.000,4.460,7.960
1870.000,37.000,6.030,5.920
1880.000,36.000,3.400,8.250
1880.000,37.000,4.960,5.900
1890.000,36.000,2.900,8.430
1890.000,37.000,3.830,5.900
1900.000,36.000,1.650,8.920
1900.000,37.000,2.750,5.890
1910.000,36.000,0.550,9.490
1910.000,37.000,1.680,6.000
1920.000,36.000,-0.280,9.980
1920.000,37.000,0.540,6.140
1930.000,36.000,-1.310,10.300
1930.000,37.000,-0.550,6.210
1930.000,38.000,10.900,4.260
1940.000,38.000,9.560,3.880
1950.000,38.000,8.210,3.630
1960.000,38.000,6.860,3.400
1970.000,38.000,5.580,3.130
1970.000,39.000,11.130,5.340
1980.000,38.000,4.390,3.000
1980.000,39.000,9.810,5.260
1980.000,40.000,-2.420,-0.460
1990.000,38.000,2.930,2.940
1990.000,39.000,8.470,5.210
1990.000,40.000,-1.900,0.300
2000.000,38.000,1.610,2.860
2000.000,39.000,7.170,5.130
2000.000,40.000,-1.010,0.950
2010.000,38.000,0.370,2.620
2010.000,39.000,5.790,4.920
2010.000,40.000,-0.100,1.360
2020.000,38.000,-0.800,1.920
2020.000,39.000,4.520,4.830
2020.000,40.000,0.910,1.730
2030.000,38.000,-1.740,1.010
2030.000,39.000,3.250,4.680
2030.000,40.000,1.840,2.140
2040.000,39.000,1.990,4.550
2040.000,40.000,2.830,2.520
2050.000,39.000,0.720,4.560
2050.000,40.000,3.900,2.960
2060.000,39.000,-0.550,4.500
2060.000,40.000,4.870,3.240
2070.000,40.000,5.840,3.500
2080.000,40.000,6.850,3.540
2090.000,40.000,7.850,3.650
2100.000,40.000,8.840,3.750
2110.000,40.000,9.860,3.790
2110.000,41.000,12.610,5.880
2120.000,40.000,10.880,3.930
2120.000,41.000,11.670,6.150
2120.000,42.000,12.540,5.160
2130.000,40.000,11.880,4.160
2130.000,41.000,10.910,5.930
2130.000,42.000,11.730,5.340
2130.000,43.000,13.180,5.200
2130.000,44.000,12.920,6.060
2140.000,40.000,12.780,4.470
2140.000,41.000,9.910,6.100
2140.000,42.000,10.950,5.360
2140.000,43.000,12.280,5.280
2140.000,44.000,11.830,6.180
2150.000,41.000,9.010,5.970
2150.000,42.000,10.190,5.490
2150.000,43.000,11.310,5.350
2150.000,44.000,10.890,6.190
2160.000,41.000,8.150,5.910
2160.000,42.000,9.250,5.450
2160.000,43.000,10.370,5.320
2160.000,44.000,10.010,6.210
2170.000,41.000,7.250,5.760
2170.000,42.000,8.380,5.430
2170.000,43.000,9.390,5.210
2170.000,44.000,9.120,6.210
2180.000,41.000,6.370,5.700
2180.000,42.000,7.610,5.280
2180.000,43.000,8.530,5.040
2180.000,44.000,8.240,6.200
2180.000,45.000,12.380,5.200
2190.000,41.000,5.470,5.610
2190.000,42.000,6.740,5.180
2190.000,43.000,7.680,4.890
2190.000,44.000,7.350,6.110
2190.000,45.000,11.220,5.050
2200.000,41.000,4.550,5.520
2200.000,42.000,5.850,5.130
2200.000,43.000,6.780,4.810
2200.000,44.000,6.360,5.940
2200.000,45.000,10.230,4.790
2200.000,46.000,11.930,5.310
2210.000,41.000,3.670,5.440
2210.000,42.000,5.000,4.910
2210.000,43.000,5.930,4.710
2210.000,44.000,5.510,5.740
2210.000,45.000,9.170,4.620
2210.000,46.000,11.040,5.190
2210.000,47.000,12.840,5.190
2220.000,41.000,2.770,5.240
2220.000,42.000,4.180,4.880
2220.000,43.000,5.050,4.640
2220.000,44.000,4.560,5.690
2220.000,45.000,8.080,4.510
2220.000,46.000,10.120,5.010
2220.000,47.000,11.560,4.720
2230.000,41.000,1.950,5.140
2230.000,42.000,3.330,4.740
2230.000,43.000,4.190,4.490
2230.000,44.000,3.700,5.860
2230.000,45.000,7.030,4.310
2230.000,46.000,9.190,4.810
2230.000,47.000,10.410,4.340
2240.000,41.000,1.060,4.930
2240.000,42.000,2.400,4.590
2240.000,43.000,3.260,4.330
2240.000,44.000,2.750,5.680
2240.000,45.000,5.930,4.190
2240.000,46.000,8.270,4.560
2240.000,47.000,9.260,3.930
2240.000,48.000,-4.440,4.620
2250.000,41.000,0.110,4.650
2250.000,42.000,1.420,4.390
2250.000,43.000,2.300,4.050
2250.000,44.000,1.800,5.370
2250.000,45.000,4.790,4.130
2250.000,46.000,7.300,4.360
2250.000,47.000,8.290,3.630
2250.000,48.000,-3.490,5.090
2260.000,41.000,-0.600,4.290
2260.000,42.000,0.510,4.200
2260.000,43.000,1.150,3.510
2260.000,44.000,0.650,4.970
2260.000,45.000,3.760,3.960
2260.000,46.000,6.350,4.260
2260.000,47.000,6.900,3.220
2260.000,48.000,-2.540,5.450
2270.000,41.000,-1.500,3.870
2270.000,42.000,-0.320,4.030
2270.000,43.000,0.070,3.050
2270.000,44.000,-0.210,4.770
2270.000,45.000,2.720,3.760
2270.000,46.000,5.250,4.180
2270.000,47.000,5.570,3.010
2270.000,48.000,-1.500,5.690
2270.000,49.000,11.670,6.020
2280.000,41.000,-2.460,3.540
2280.000,42.000,-1.250,3.610
2280.000,43.000,-0.790,2.670
2280.000,44.000,-1.230,4.460
2280.000,45.000,1.720,3.610
2280.000,46.000,4.320,4.140
2280.000,47.000,4.520,2.820
2280.000,48.000,-0.430,5.770
2280.000,49.000,10.360,5.960
2290.000,41.000,-3.120,3.390
2290.000,42.000,-1.740,3.150
2290.000,43.000,-1.730,2.200
2290.000,44.000,-2.040,4.480
2290.000,45.000,0.720,3.460
2290.000,46.000,3.390,3.940
2290.000,47.000,3.380,2.610
2290.000,48.000,0.550,5.660
2290.000,49.000,9.130,6.050
2300.000,45.000,-0.300,3.400
2300.000,46.000,2.490,3.740
2300.000,47.000,2.720,2.400
2300.000,48.000,1.630,5.580
2300.000,49.000,7.990,6.260
2310.000,48.000,2.650,5.560
2310.000,49.000,6.670,6.230
2320.000,48.000,3.640,5.530
2320.000,49.000,5.480,6.300
2330.000,48.000,4.760,5.480
2330.000,49.000,4.260,6.410
2340.000,48.000,5.920,5.510
2350.000,48.000,6.980,5.570
2360.000,48.000,8.050,5.650
2370.000,48.000,9.100,5.700
2380.000,48.000,10.200,5.630
2390.000,48.000,11.290,5.570
2860.000,50.000,7.500,7.250
2860.000,51.000,7.050,8.440
2860.000,52.000,8.090,8.840
2860.000,53.000,4.660,6.690
2860.000,54.000,4.710,6.090
2860.000,55.000,2.090,3.920
2860.000,56.000,12.320,3.350
2860.000,57.000,1.250,7.970
2870.000,50.000,6.430,7.550
2870.000,51.000,7.050,8.440
2870.000,52.000,8.090,8.840
2870.000,53.000,5.880,6.590
2870.000,54.000,5.930,6.000
2870.000,55.000,3.110,4.090
2870.000,56.000,12.420,3.220
2870.000,57.000,2.220,7.530
2880.000,50.000,5.340,7.820
2880.000,51.000,7.050,8.440
2880.000,52.000,8.090,8.840
2880.000,53.000,7.160,6.580
2880.000,54.000,7.220,5.990
2880.000,55.000,4.270,4.140
2880.000,56.000,12.490,3.210
2880.000,57.000,3.340,7.140
2890.000,50.000,4.280,8.120
2890.000,51.000,7.050,8.440
2890.000,52.000,8.090,8.840
2890.000,53.000,8.370,6.640
2890.000,54.000,8.420,6.070
2890.000,55.000,5.390,4.290
2890.000,56.000,12.650,3.360
2890.000,57.000,4.380,6.750
2900.000,50.000,3.220,8.380
2900.000,51.000,7.050,8.440
2900.000,52.000,8.090,8.840
2900.000,53.000,9.590,6.680
2900.000,54.000,9.640,6.110
2900.000,55.000,6.520,4.440
2900.000,56.000,12.790,3.450
2900.000,57.000,5.410,6.410
2910.000,50.000,2.150,8.750
2910.000,51.000,7.050,8.440
2910.000,52.000,8.090,8.840
2910.000,53.000,10.830,6.800
2910.000,54.000,10.840,6.250
2910.000,55.000,7.440,4.480
2910.000,56.000,12.790,3.470
2910.000,57.000,6.480,6.110
2910.000,58.000,12.560,5.460
2920.000,50.000,1.120,9.160
2920.000,51.000,7.050,8.440
2920.000,52.000,8.090,8.840
2920.000,53.000,12.240,6.700
2920.000,54.000,12.110,5.970
2920.000,55.000,8.880,4.540
2920.000,56.000,12.790,3.380
2920.000,57.000,7.720,6.040
2920.000,58.000,11.240,5.140
2930.000,50.000,0.120,9.620
2930.000,51.000,7.050,8.440
2930.000,52.000,8.090,8.840
2930.000,55.000,9.980,4.680
2930.000,56.000,12.780,3.160
2930.000,57.000,9.050,6.210
2930.000,58.000,9.960,5.280
2940.000,51.000,7.050,8.440
2940.000,52.000,8.090,8.840
2940.000,55.000,11.250,4.850
2940.000,56.000,12.780,3.080
2940.000,57.000,10.460,6.390
2940.000,58.000,8.670,5.430
2950.000,51.000,7.050,8.440
2950.000,52.000,8.090,8.840
2950.000,55.000,12.490,5.520
2950.000,56.000,12.780,3.080
2950.000,57.000,11.690,6.380
2950.000,58.000,7.330,5.500
2960.000,51.000,7.050,8.440
2960.000,52.000,8.090,8.840
2960.000,56.000,12.780,3.080
2960.000,58.000,6.050,5.590
2970.000,51.000,7.050,8.440
2970.000,52.000,8.090,8.840
2970.000,56.000,12.780,3.080
2970.000,58.000,4.740,5.640
2980.000,51.000,7.050,8.440
2980.000,52.000,8.090,8.840
2980.000,56.000,12.780,3.080
2980.000,58.000,3.440,5.640
2990.000,51.000,7.050,8.440
2990.000,52.000,8.090,8.840
2990.000,56.000,12.780,3.150
2990.000,58.000,2.150,5.650
3000.000,51.000,7.050,8.440
3000.000,52.000,8.090,8.840
3000.000,56.000,12.820,3.240
3000.000,58.000,0.810,5.630
3010.000,51.000,6.930,8.260
3010.000,52.000,8.090,8.840
3010.000,56.000,12.820,3.240
3010.000,58.000,-0.460,5.540
3010.000,59.000,-1.060,1.160
3010.000,60.000,-1.160,1.710
3020.000,51.000,6.870,8.090
3020.000,52.000,8.090,8.840
3020.000,56.000,12.820,3.240
3020.000,59.000,-0.160,1.580
3020.000,60.000,-0.230,2.160
3030.000,51.000,7.020,7.910
3030.000,52.000,8.090,8.840
3030.000,56.000,12.820,3.200
3030.000,59.000,0.890,2.070
3030.000,60.000,0.720,2.570
3040.000,51.000,7.070,7.780
3040.000,52.000,8.090,8.840
3040.000,56.000,12.820,3.110
3040.000,59.000,1.800,2.540
3040.000,60.000,1.680,2.950
3050.000,51.000,7.100,7.820
3050.000,52.000,8.090,8.840
3050.000,56.000,12.820,3.010
3050.000,59.000,2.780,2.760
3050.000,60.000,2.700,3.270
3060.000,51.000,6.770,8.090
3060.000,52.000,8.090,8.840
3060.000,56.000,12.820,3.010
3060.000,59.000,3.820,3.050
3060.000,60.000,3.760,3.540
3070.000,51.000,6.770,8.090
3070.000,52.000,8.070,8.840
3070.000,56.000,12.590,3.010
3070.000,59.000,4.720,3.320
3070.000,60.000,4.660,3.840
3080.000,51.000,6.770,8.090
3080.000,52.000,8.050,8.830
3080.000,56.000,12.590,3.010
3080.000,59.000,5.780,3.510
3080.000,60.000,5.630,4.020
3090.000,51.000,6.770,8.130
3090.000,52.000,8.050,8.800
3090.000,56.000,12.590,3.010
3090.000,59.000,6.830,3.700
3090.000,60.000,6.690,4.210
3100.000,51.000,6.780,8.170
3100.000,52.000,8.050,8.800
3100.000,56.000,12.590,3.010
3100.000,59.000,7.850,3.930
3100.000,60.000,7.710,4.440
3100.000,61.000,12.650,5.170
3100.000,62.000,13.260,6.280
3110.000,51.000,6.620,8.550
3110.000,52.000,8.050,8.800
3110.000,56.000,12.590,3.010
3110.000,59.000,8.860,4.130
3110.000,60.000,8.720,4.630
3110.000,61.000,11.910,4.780
3110.000,62.000,12.160,6.410
3120.000,51.000,6.410,8.700
3120.000,52.000,8.050,8.800
3120.000,56.000,12.590,3.010
3120.000,59.000,9.930,4.330
3120.000,60.000,9.790,4.820
3120.000,61.000,11.190,4.220
3120.000,62.000,11.080,6.270
3130.000,51.000,6.360,8.760
3130.000,52.000,8.050,8.800
3130.000,56.000,12.540,3.010
3130.000,59.000,10.990,4.580
3130.000,60.000,10.860,5.060
3130.000,61.000,10.190,3.710
3130.000,62.000,10.000,6.030
3140.000,51.000,6.350,8.690
3140.000,52.000,8.050,8.800
3140.000,56.000,12.520,3.010
3140.000,59.000,12.030,4.740
3140.000,60.000,11.890,5.220
3140.000,61.000,9.110,3.670
3140.000,62.000,8.980,5.740
3150.000,51.000,6.400,8.490
3150.000,52.000,8.050,8.800
3150.000,56.000,12.520,3.010
3150.000,61.000,8.210,3.760
3150.000,62.000,7.950,5.340
3160.000,51.000,6.400,8.490
3160.000,52.000,8.050,8.800
3160.000,56.000,12.550,3.100
3160.000,61.000,7.240,3.750
3160.000,62.000,6.900,5.190
3170.000,51.000,6.400,8.490
3170.000,52.000,8.050,8.800
3170.000,56.000,12.600,3.230
3170.000,61.000,6.240,3.710
3170.000,62.000,5.870,4.970
3170.000,63.000,10.560,6.370
3180.000,51.000,6.400,8.490
3180.000,52.000,8.050,8.800
3180.000,61.000,5.260,3.600
3180.000,62.000,4.870,4.730
3180.000,63.000,9.490,6.200
3190.000,51.000,6.400,8.490
3190.000,52.000,8.050,8.800
3190.000,61.000,4.190,3.400
3190.000,62.000,3.840,4.430
3190.000,63.000,8.540,5.780
3200.000,51.000,6.400,8.490
3200.000,52.000,7.990,8.800
3200.000,61.000,3.240,3.190
3200.000,62.000,2.840,4.110
3200.000,63.000,7.580,5.460
3210.000,51.000,6.400,8.490
3210.000,52.000,7.960,8.770
3210.000,61.000,2.470,3.110
3210.000,62.000,1.880,3.840
3210.000,63.000,6.560,5.180
3220.000,51.000,6.400,8.490
3220.000,52.000,7.960,8.770
3220.000,61.000,1.450,2.800
3220.000,62.000,0.850,3.540
3220.000,63.000,5.580,4.980
3230.000,51.000,6.400,8.490
3230.000,52.000,7.960,8.770
3230.000,61.000,0.520,2.390
3230.000,62.000,-0.100,3.180
3230.000,63.000,4.630,4.680
3240.000,51.000,6.400,8.490
3240.000,52.000,7.960,8.770
3240.000,61.000,-0.480,1.970
3240.000,62.000,-1.050,2.770
3240.000,63.000,3.680,4.420
3250.000,61.000,-1.240,1.330
3250.000,62.000,-1.820,2.140
3250.000,63.000,2.700,4.080
3650.000,64.000,6.930,4.350
3650.000,65.000,3.910,7.350
3650.000,66.000,3.870,8.270
3650.000,67.000,1.210,8.430
3650.000,68.000,-2.140,0.040
3660.000,64.000,5.960,4.020
3660.000,65.000,3.160,7.370
3660.000,66.000,3.090,8.330
3660.000,67.000,0.400,8.890
3660.000,68.000,-1.280,0.680
3670.000,64.000,4.970,3.710
3670.000,65.000,2.300,7.290
3670.000,66.000,2.310,8.020
3670.000,67.000,-0.340,9.520
3670.000,68.000,-0.110,1.250
3680.000,64.000,3.850,3.460
3680.000,65.000,1.540,7.240
3680.000,66.000,1.550,7.990
3680.000,67.000,-1.060,10.110
3680.000,68.000,0.980,1.730
3690.000,64.000,2.740,3.330
3690.000,68.000,2.060,2.160
3700.000,64.000,1.640,3.020
3700.000,68.000,3.170,2.420
3710.000,64.000,0.720,2.760
3710.000,68.000,4.410,2.820
3720.000,64.000,-0.160,2.530
3720.000,68.000,5.690,3.210
3730.000,64.000,-1.030,2.180
3730.000,68.000,6.730,3.700
3740.000,68.000,7.860,4.110
3750.000,68.000,9.040,4.480
3760.000,68.000,10.110,4.900
3770.000,68.000,11.270,5.120
4160.000,69.000,9.850,4.800
4170.000,69.000,8.920,4.500
4180.000,69.000,7.790,4.220
4190.000,69.000,6.650,3.940
4200.000,69.000,5.380,3.610
4200.000,70.000,-2.660,4.510
4200.000,71.000,-2.310,5.300
4200.000,72.000,-2.460,6.050
4200.000,73.000,-2.450,6.800
4210.000,69.000,4.370,3.450
4210.000,70.000,-1.610,4.480
4210.000,71.000,-1.310,5.300
4210.000,72.000,-1.370,6.010
4210.000,73.000,-1.640,6.720
4220.000,69.000,3.220,3.320
4220.000,70.000,-0.730,4.630
4220.000,71.000,-0.570,5.340
4220.000,72.000,-0.420,5.890
4220.000,73.000,-0.670,6.630
4220.000,74.000,12.450,4.920
4220.000,75.000,12.700,5.680
4220.000,76.000,11.930,5.990
4230.000,69.000,2.070,3.130
4230.000,70.000,0.270,4.670
4230.000,71.000,0.440,5.370
4230.000,72.000,0.450,5.810
4230.000,73.000,0.260,6.570
4230.000,74.000,11.750,4.810
4230.000,75.000,11.750,5.480
4230.000,76.000,11.230,6.010
4240.000,69.000,0.960,2.920
4240.000,70.000,1.300,4.720
4240.000,71.000,1.370,5.330
4240.000,72.000,1.400,5.960
4240.000,73.000,1.200,6.600
4240.000,74.000,10.940,4.570
4240.000,75.000,10.780,5.420
4240.000,76.000,10.220,5.900
4250.000,69.000,-0.280,2.760
4250.000,70.000,2.120,4.750
4250.000,71.000,2.020,5.420
4250.000,72.000,2.330,5.950
4250.000,73.000,2.090,6.640
4250.000,74.000,10.010,4.390
4250.000,75.000,9.840,5.120
4250.000,76.000,9.280,5.610
4260.000,69.000,-1.190,2.660
4260.000,70.000,3.160,4.840
4260.000,71.000,2.840,5.400
4260.000,72.000,3.130,5.860
4260.000,73.000,2.970,6.550
4260.000,74.000,9.070,4.160
4260.000,75.000,8.980,4.850
4260.000,76.000,8.410,5.420
4270.000,70.000,3.730,5.010
4270.000,71.000,3.530,5.560
4270.000,72.000,3.930,6.000
4270.000,73.000,3.970,6.610
4270.000,74.000,8.220,3.880
4270.000,75.000,8.170,4.500
4270.000,76.000,7.470,5.010
4280.000,70.000,4.570,5.090
4280.000,71.000,4.260,5.660
4280.000,72.000,5.090,6.080
4280.000,73.000,4.930,6.790
4280.000,74.000,7.350,3.540
4280.000,75.000,7.300,4.220
4280.000,76.000,6.580,4.780
4290.000,70.000,5.410,5.210
4290.000,71.000,4.830,5.750
4290.000,72.000,6.050,6.100
4290.000,73.000,5.770,6.750
4290.000,74.000,6.400,3.130
4290.000,75.000,6.490,3.990
4290.000,76.000,5.770,4.480
4300.000,70.000,6.200,5.280
4300.000,71.000,5.680,5.880
4300.000,72.000,6.960,6.050
4300.000,73.000,6.880,6.750
4300.000,74.000,5.560,2.960
4300.000,75.000,5.580,3.830
4300.000,76.000,4.880,4.320
4310.000,70.000,7.200,5.310
4310.000,71.000,6.560,5.980
4310.000,72.000,7.890,6.140
4310.000,73.000,7.820,6.800
4310.000,74.000,4.510,2.670
4310.000,75.000,4.590,3.590
4310.000,76.000,3.940,4.100
4310.000,77.000,12.070,4.370
4310.000,78.000,-2.190,5.000
4320.000,70.000,7.860,5.240
4320.000,71.000,7.400,6.070
4320.000,72.000,8.720,6.080
4320.000,73.000,8.830,6.680
4320.000,74.000,3.640,2.420
4320.000,75.000,3.700,3.340
4320.000,76.000,3.050,3.700
4320.000,77.000,10.970,4.170
4320.000,78.000,-1.150,5.180
4330.000,70.000,8.740,5.440
4330.000,71.000,8.280,6.160
4330.000,72.000,9.710,6.130
4330.000,73.000,9.780,6.630
4330.000,74.000,2.660,2.270
4330.000,75.000,2.720,3.130
4330.000,76.000,2.010,3.450
4330.000,77.000,9.630,3.830
4330.000,78.000,-0.030,5.370
4330.000,79.000,-3.780,5.150
4340.000,70.000,9.600,5.510
4340.000,71.000,9.160,6.160
4340.000,72.000,10.710,5.920
4340.000,73.000,10.780,6.590
4340.000,74.000,1.700,2.070
4340.000,75.000,1.790,2.890
4340.000,76.000,1.030,3.190
4340.000,77.000,8.460,3.630
4340.000,78.000,1.030,5.530
4340.000,79.000,-3.090,5.120
4350.000,70.000,10.430,5.400
4350.000,71.000,9.990,6.240
4350.000,72.000,11.640,5.680
4350.000,73.000,11.780,6.380
4350.000,74.000,0.860,1.710
4350.000,75.000,0.850,2.580
4350.000,76.000,-0.000,2.900
4350.000,77.000,7.330,3.450
4350.000,78.000,2.100,5.650
4350.000,79.000,-2.340,5.190
4360.000,70.000,11.040,5.840
4360.000,71.000,10.910,6.060
4360.000,72.000,12.520,5.510
4360.000,73.000,12.660,6.200
4360.000,74.000,-0.120,1.350
4360.000,75.000,0.000,2.190
4360.000,76.000,-0.880,2.480
4360.000,77.000,6.040,3.250
4360.000,78.000,3.050,5.830
4360.000,79.000,-1.610,5.170
4360.000,80.000,-2.270,5.910
4370.000,74.000,-0.960,0.920
4370.000,75.000,-0.840,1.710
4370.000,76.000,-1.650,2.030
4370.000,77.000,5.050,3.170
4370.000,78.000,4.150,5.910
4370.000,79.000,-0.840,5.310
4370.000,80.000,-1.170,6.100
4380.000,77.000,3.720,3.110
4380.000,78.000,5.230,5.920
4380.000,79.000,-0.130,5.270
4380.000,80.000,-0.050,6.160
4390.000,77.000,2.580,2.930
4390.000,78.000,6.280,5.870
4390.000,79.000,0.610,5.360
4390.000,80.000,0.990,6.370
4400.000,77.000,1.360,2.870
4400.000,78.000,7.450,5.840
4400.000,79.000,1.380,5.430
4400.000,80.000,2.360,6.360
4410.000,77.000,0.250,2.740
4410.000,78.000,8.630,5.810
4410.000,79.000,2.190,5.680
4410.000,80.000,3.480,6.200
4420.000,77.000,-0.860,2.630
4420.000,78.000,9.760,5.790
4420.000,79.000,2.940,5.830
4420.000,80.000,4.620,6.280
4420.000,81.000,-4.980,5.090
4430.000,77.000,-1.980,2.650
4430.000,78.000,10.900,5.710
4430.000,79.000,3.730,5.950
4430.000,80.000,5.820,6.190
4430.000,81.000,-3.950,5.060
4440.000,77.000,-3.160,2.630
4440.000,78.000,12.000,5.640
4440.000,79.000,4.530,6.040
4440.000,80.000,7.000,6.020
4440.000,81.000,-2.810,5.080
4450.000,79.000,5.370,6.030
4450.000,80.000,8.090,5.860
4450.000,81.000,-1.570,5.150
4460.000,79.000,6.190,6.000
4460.000,80.000,9.320,5.730
4460.000,81.000,-0.390,5.220
4460.000,82.000,-3.790,6.990
4470.000,79.000,7.090,6.000
4470.000,80.000,10.550,5.790
4470.000,81.000,0.740,5.280
4470.000,82.000,-3.090,7.020
4480.000,79.000,7.950,5.990
4480.000,80.000,11.690,5.870
4480.000,81.000,1.830,5.310
4480.000,82.000,-1.930,7.070
4490.000,79.000,8.800,6.040
4490.000,81.000,2.990,5.300
4490.000,82.000,-0.920,7.110
4500.000,79.000,9.680,6.040
4500.000,81.000,4.220,5.270
4500.000,82.000,0.200,7.000
4510.000,79.000,10.510,5.990
4510.000,81.000,5.340,5.270
4510.000,82.000,1.210,6.830
4520.000,79.000,11.330,5.980
4520.000,81.000,6.520,5.290
4520.000,82.000,2.240,6.750
4530.000,81.000,7.720,5.230
4530.000,82.000,3.270,6.620
4540.000,81.000,8.910,5.180
4540.000,82.000,4.370,6.560
4550.000,81.000,10.090,5.250
4550.000,82.000,5.480,6.480
4560.000,81.000,11.270,5.370
4560.000,82.000,6.560,6.350
4570.000,81.000,12.430,5.450
4570.000,82.000,7.600,6.120
4580.000,82.000,8.680,5.940
4590.000,82.000,9.780,5.780
4600.000,82.000,10.900,5.630
4600.000,83.000,11.390,4.700
4610.000,82.000,11.990,5.620
4610.000,83.000,10.340,4.580
4620.000,83.000,9.270,4.510
4630.000,83.000,8.270,4.540
4630.000,84.000,-0.730,9.290
4630.000,85.000,-0.450,9.880
4640.000,83.000,7.330,4.470
4640.000,84.000,0.020,8.920
4640.000,85.000,0.460,9.560
4650.000,83.000,6.340,4.410
4650.000,84.000,0.760,8.610
4650.000,85.000,1.170,9.240
4660.000,83.000,5.350,4.260
4660.000,84.000,1.530,8.260
4660.000,85.000,1.890,8.890
4670.000,83.000,4.410,4.120
4670.000,84.000,2.330,7.840
4670.000,85.000,2.740,8.490
4680.000,83.000,3.470,4.010
4680.000,84.000,3.120,7.460
4680.000,85.000,3.560,8.130
4690.000,83.000,2.480,3.770
4690.000,84.000,3.960,6.940
4690.000,85.000,4.320,7.750
4700.000,83.000,1.490,3.660
4700.000,84.000,4.780,6.540
4700.000,85.000,5.200,7.410
4700.000,86.000,12.340,4.790
4710.000,83.000,0.540,3.590
4710.000,84.000,5.590,6.180
4710.000,85.000,6.030,7.260
4710.000,86.000,11.330,4.490
4720.000,83.000,-0.460,3.520
4720.000,84.000,6.430,5.930
4720.000,85.000,7.000,7.060
4720.000,86.000,10.110,4.230
4720.000,87.000,11.990,5.080
4730.000,83.000,-1.500,3.480
4730.000,84.000,7.290,5.800
4730.000,85.000,7.640,7.060
4730.000,86.000,8.970,3.780
4730.000,87.000,10.880,4.720
4730.000,88.000,-1.990,5.650
4730.000,89.000,-1.740,6.640
4730.000,90.000,0.430,9.540
4740.000,84.000,8.150,5.660
4740.000,85.000,8.550,6.860
4740.000,86.000,7.820,3.490
4740.000,87.000,9.710,4.490
4740.000,88.000,-0.850,5.730
4740.000,89.000,-0.680,6.480
4740.000,90.000,1.480,9.080
4750.000,84.000,9.040,5.580
4750.000,85.000,9.190,6.650
4750.000,86.000,6.690,3.260
4750.000,87.000,8.670,4.070
4750.000,88.000,0.230,5.650
4750.000,89.000,0.410,6.500
4750.000,90.000,2.680,8.690
4750.000,91.000,12.180,5.350
4760.000,84.000,9.920,5.560
4760.000,85.000,10.100,6.510
4760.000,86.000,5.470,2.950
4760.000,87.000,7.510,3.810
4760.000,88.000,1.320,5.680
4760.000,89.000,1.490,6.570
4760.000,90.000,3.800,8.300
4760.000,91.000,11.160,5.090
4770.000,84.000,10.780,5.430
4770.000,85.000,11.130,6.290
4770.000,86.000,4.380,2.770
4770.000,87.000,6.360,3.690
4770.000,88.000,2.380,5.680
4770.000,89.000,2.480,6.540
4770.000,90.000,4.950,7.720
4770.000,91.000,10.210,4.730
4780.000,84.000,11.670,5.100
4780.000,85.000,11.990,6.240
4780.000,86.000,3.130,2.550
4780.000,87.000,5.290,3.390
4780.000,88.000,3.480,5.820
4780.000,89.000,3.530,6.520
4780.000,90.000,6.160,7.250
4780.000,91.000,9.220,4.430
4790.000,86.000,2.030,2.180
4790.000,87.000,4.510,3.220
4790.000,88.000,4.570,5.820
4790.000,89.000,4.610,6.510
4790.000,90.000,7.500,6.890
4790.000,91.000,8.210,4.130
4800.000,86.000,0.990,1.770
4800.000,87.000,3.130,3.030
4800.000,88.000,5.620,5.660
4800.000,89.000,5.690,6.500
4800.000,90.000,8.690,6.580
4800.000,91.000,7.180,3.890
4810.000,86.000,0.170,1.220
4810.000,87.000,2.050,2.820
4810.000,88.000,6.660,5.720
4810.000,89.000,6.800,6.470
4810.000,90.000,9.930,6.240
4810.000,91.000,6.180,3.770
4810.000,92.000,-1.300,4.980
4810.000,93.000,-1.390,5.590
4810.000,94.000,-1.990,7.080
4810.000,95.000,-2.200,0.330
4820.000,86.000,-0.750,0.550
4820.000,87.000,1.210,2.550
4820.000,88.000,7.640,5.540
4820.000,89.000,7.860,6.390
4820.000,90.000,11.060,5.980
4820.000,91.000,5.170,3.620
4820.000,92.000,-0.350,5.080
4820.000,93.000,-0.440,5.660
4820.000,94.000,-1.150,6.960
4820.000,95.000,-1.250,1.110
4830.000,86.000,-1.750,0.040
4830.000,87.000,0.220,2.400
4830.000,88.000,8.650,5.470
4830.000,89.000,9.060,6.250
4830.000,90.000,12.310,5.850
4830.000,91.000,4.130,3.470
4830.000,92.000,0.440,4.920
4830.000,93.000,0.540,5.650
4830.000,94.000,-0.360,6.780
4830.000,95.000,-0.150,1.510
4840.000,86.000,-2.320,-0.630
4840.000,87.000,-0.650,2.050
4840.000,88.000,9.630,5.260
4840.000,89.000,10.030,6.130
4840.000,91.000,3.120,3.300
4840.000,92.000,1.370,4.930
4840.000,93.000,1.480,5.650
4840.000,94.000,0.540,6.690
4840.000,95.000,0.950,1.790
4850.000,86.000,-2.960,-1.430
4850.000,87.000,-1.570,1.410
4850.000,88.000,10.540,5.090
4850.000,89.000,10.970,6.000
4850.000,91.000,2.120,3.020
4850.000,92.000,2.360,4.920
4850.000,93.000,2.460,5.610
4850.000,94.000,1.420,6.660
4850.000,95.000,1.960,2.180
4860.000,86.000,-3.540,-2.300
4860.000,87.000,-2.410,0.900
4860.000,88.000,11.440,4.990
4860.000,89.000,11.970,5.850
4860.000,91.000,1.150,2.720
4860.000,92.000,3.370,4.890
4860.000,93.000,3.460,5.590
4860.000,94.000,2.320,6.590
4860.000,95.000,3.270,2.750
4870.000,86.000,-4.160,-3.170
4870.000,87.000,-3.090,0.160
4870.000,88.000,12.140,4.830
4870.000,89.000,13.030,5.610
4870.000,91.000,0.220,2.330
4870.000,92.000,4.280,5.000
4870.000,93.000,4.480,5.510
4870.000,94.000,3.210,6.500
4870.000,95.000,4.390,2.960
4880.000,87.000,-3.890,-0.700
4880.000,91.000,-0.700,1.820
4880.000,92.000,5.180,4.870
4880.000,93.000,5.460,5.480
4880.000,94.000,4.090,6.360
4880.000,95.000,5.600,3.310
4890.000,92.000,6.060,4.820
4890.000,93.000,6.370,5.560
4890.000,94.000,5.000,6.270
4890.000,95.000,6.910,3.500
4890.000,96.000,-2.790,5.550
4900.000,92.000,7.050,4.780
4900.000,93.000,7.250,5.600
4900.000,94.000,5.870,6.190
4900.000,95.000,8.210,3.650
4900.000,96.000,-1.660,5.470
4900.000,97.000,12.760,6.780
4910.000,92.000,8.030,4.840
4910.000,93.000,8.200,5.550
4910.000,94.000,6.740,6.040
4910.000,95.000,9.420,3.880
4910.000,96.000,-0.500,5.480
4910.000,97.000,12.000,6.960
4920.000,92.000,8.950,4.890
4920.000,93.000,9.190,5.570
4920.000,94.000,7.600,5.960
4920.000,95.000,10.560,4.140
4920.000,96.000,0.640,5.520
4920.000,97.000,11.210,7.130
4930.000,92.000,9.900,4.890
4930.000,93.000,10.130,5.530
4930.000,94.000,8.440,5.850
4930.000,95.000,11.670,4.440
4930.000,96.000,1.750,5.580
4930.000,97.000,10.340,7.260
4940.000,92.000,10.780,4.870
4940.000,93.000,10.830,5.460
4940.000,94.000,9.310,5.790
4940.000,95.000,12.590,4.700
4940.000,96.000,2.900,5.630
4940.000,97.000,9.470,7.220
4940.000,98.000,12.710,7.000
4940.000,99.000,12.920,6.280
4950.000,92.000,11.690,4.850
4950.000,93.000,11.710,5.400
4950.000,94.000,10.110,5.730
4950.000,95.000,13.450,4.900
4950.000,96.000,3.980,5.770
4950.000,97.000,8.590,7.120
4950.000,98.000,11.990,7.090
4950.000,99.000,12.120,6.430
4960.000,92.000,12.570,4.810
4960.000,93.000,12.090,5.420
4960.000,94.000,10.860,5.630
4960.000,96.000,5.100,5.750
4960.000,97.000,7.740,6.940
4960.000,98.000,11.330,7.170
4960.000,99.000,11.390,6.500
4960.000,100.000,12.770,6.740
4970.000,93.000,12.850,5.180
4970.000,94.000,11.570,5.560
4970.000,96.000,6.240,5.770
4970.000,97.000,6.920,6.820
4970.000,98.000,10.550,7.250
4970.000,99.000,10.600,6.580
4970.000,100.000,12.130,6.850
4970.000,101.000,12.720,6.410
4980.000,94.000,12.210,5.420
4980.000,96.000,7.200,5.790
4980.000,97.000,6.120,6.620
4980.000,98.000,9.820,7.290
4980.000,99.000,9.860,6.490
4980.000,100.000,11.450,7.190
4980.000,101.000,11.610,6.480
4990.000,96.000,7.990,5.750
4990.000,97.000,5.300,6.530
4990.000,98.000,9.010,7.280
4990.000,99.000,9.060,6.470
4990.000,100.000,10.550,7.250
4990.000,101.000,10.720,6.530
5110.000,103.000,3.760,4.070
5110.000,104.000,3.700,5.020
5110.000,105.000,3.540,6.150
5110.000,106.000,5.260,6.570
5110.000,107.000,5.020,7.180
5110.000,108.000,3.550,8.860
5110.000,109.000,-3.070,4.580
5110.000,110.000,-3.000,5.300
5120.000,103.000,2.800,3.570
5120.000,104.000,2.920,4.640
5120.000,105.000,2.680,5.600
5120.000,106.000,4.350,6.370
5120.000,107.000,4.150,6.960
5120.000,108.000,2.910,8.860
5120.000,109.000,-2.130,4.720
5120.000,110.000,-2.070,5.440
5130.000,103.000,2.160,3.160
5130.000,104.000,2.000,4.160
5130.000,105.000,1.860,5.080
5130.000,106.000,3.600,5.910
5130.000,107.000,3.310,6.340
5130.000,108.000,1.490,9.170
5130.000,109.000,-1.170,4.920
5130.000,110.000,-1.120,5.600
5140.000,103.000,1.460,2.710
5140.000,104.000,1.380,3.720
5140.000,105.000,1.070,4.580
5140.000,106.000,2.850,5.390
5140.000,107.000,2.590,5.930
5140.000,108.000,0.620,9.390
5140.000,109.000,-0.390,5.240
5140.000,110.000,-0.390,5.840
5150.000,103.000,0.730,2.300
5150.000,104.000,0.670,3.220
5150.000,105.000,0.240,4.050
5150.000,106.000,2.320,4.700
5150.000,107.000,1.890,5.230
5150.000,108.000,-0.120,9.740
5150.000,109.000,0.490,5.530
5150.000,110.000,0.530,6.070
5150.000,111.000,-2.120,-0.540
5160.000,103.000,-0.100,1.840
5160.000,104.000,-0.130,2.730
5160.000,105.000,-0.620,3.570
5160.000,106.000,1.750,4.000
5160.000,107.000,1.120,4.550
5160.000,108.000,-0.940,10.200
5160.000,109.000,1.330,5.710
5160.000,110.000,1.400,6.250
5160.000,111.000,-1.590,0.070
5170.000,103.000,-0.920,1.520
5170.000,104.000,-1.000,2.380
5170.000,105.000,-1.350,2.880
5170.000,106.000,0.870,3.450
5170.000,107.000,0.490,4.080
5170.000,108.000,-1.640,10.840
5170.000,109.000,2.040,5.750
5170.000,110.000,2.230,6.320
5170.000,111.000,-0.750,0.490
5180.000,103.000,-1.610,0.910
5180.000,104.000,-1.770,1.600
5180.000,105.000,-2.140,2.150
5180.000,106.000,0.200,2.850
5180.000,107.000,-0.100,3.270
5180.000,109.000,2.950,5.760
5180.000,110.000,3.110,6.300
5180.000,111.000,0.160,1.040
5190.000,109.000,3.860,5.770
5190.000,110.000,3.980,6.280
5190.000,111.000,0.890,1.250
5200.000,109.000,4.750,5.760
5200.000,110.000,4.870,6.270
5200.000,111.000,1.760,1.490
5210.000,109.000,5.660,5.710
5210.000,110.000,5.820,6.190
5210.000,111.000,2.610,1.910
5220.000,109.000,6.560,5.680
5220.000,110.000,6.710,6.140
5220.000,111.000,3.480,2.220
5220.000,112.000,12.640,5.350
5230.000,109.000,7.490,5.640
5230.000,110.000,7.650,6.130
5230.000,111.000,4.400,2.410
5230.000,112.000,11.500,5.110
5240.000,109.000,8.410,5.610
5240.000,110.000,8.560,6.090
5240.000,111.000,5.350,2.490
5240.000,112.000,10.210,4.790
5250.000,109.000,9.300,5.600
5250.000,110.000,9.480,5.950
5250.000,111.000,6.290,2.540
5250.000,112.000,8.920,4.630
5260.000,109.000,10.170,5.530
5260.000,110.000,10.460,6.100
5260.000,111.000,7.070,2.500
5260.000,112.000,7.630,4.670
5270.000,109.000,11.040,5.450
5270.000,110.000,11.360,6.020
5270.000,111.000,8.070,2.630
5270.000,112.000,6.450,4.680
5280.000,109.000,11.950,5.400
5280.000,110.000,12.210,5.970
5280.000,111.000,8.860,2.950
5280.000,112.000,5.250,4.710
5290.000,109.000,13.010,5.220
5290.000,110.000,12.950,5.870
5290.000,111.000,9.870,3.250
5290.000,112.000,4.090,4.710
5300.000,111.000,10.620,3.750
5300.000,112.000,2.950,4.700
5310.000,111.000,11.610,4.170
5310.000,112.000,1.780,4.640
5320.000,112.000,0.590,4.560
5330.000,112.000,-0.560,4.490
5400.000,113.000,12.430,6.530
5410.000,113.000,11.740,6.570
5410.000,114.000,12.200,4.990
5420.000,113.000,11.010,6.550
5420.000,114.000,11.500,4.780
5430.000,113.000,10.220,6.550
5430.000,114.000,10.820,4.490
5430.000,115.000,-1.730,0.530
5440.000,113.000,9.350,6.560
5440.000,114.000,10.320,4.240
5440.000,115.000,-1.730,0.530
5440.000,116.000,-0.550,1.190
5450.000,113.000,8.520,6.540
5450.000,114.000,9.740,4.070
5450.000,116.000,0.590,1.830
5460.000,113.000,7.680,6.520
5460.000,114.000,9.180,3.890
5460.000,116.000,1.710,2.360
5470.000,113.000,6.890,6.390
5470.000,114.000,8.410,3.730
5470.000,116.000,2.950,2.920
5470.000,117.000,-2.570,0.900
5480.000,113.000,6.060,6.390
5480.000,114.000,7.800,3.620
5480.000,116.000,4.110,3.440
5480.000,117.000,-1.840,1.770
5490.000,113.000,5.220,6.470
5490.000,114.000,6.800,3.210
5490.000,116.000,5.350,3.850
5490.000,117.000,-1.210,2.350
5490.000,118.000,-2.630,-0.350
5500.000,113.000,4.420,6.480
5500.000,114.000,5.820,2.900
5500.000,116.000,6.630,4.070
5500.000,117.000,-0.320,2.930
5500.000,118.000,-1.870,0.360
5510.000,113.000,3.560,6.610
5510.000,114.000,4.880,2.710
5510.000,116.000,7.790,4.310
5510.000,117.000,0.450,3.380
5510.000,118.000,-1.000,1.070
5520.000,113.000,2.750,6.750
5520.000,114.000,4.030,2.510
5520.000,116.000,8.960,4.500
5520.000,117.000,1.470,3.730
5520.000,118.000,-0.200,1.730
5530.000,113.000,1.940,6.870
5530.000,114.000,3.010,2.330
5530.000,116.000,10.180,4.590
5530.000,117.000,2.470,3.900
5530.000,118.000,0.590,2.430
5540.000,113.000,1.120,7.050
5540.000,114.000,1.930,2.090
5540.000,116.000,11.380,4.800
5540.000,117.000,3.630,4.020
5540.000,118.000,1.490,2.910
5550.000,113.000,0.280,7.120
5550.000,114.000,0.820,1.730
5550.000,116.000,12.590,4.980
5550.000,117.000,4.610,4.100
5550.000,118.000,2.490,3.260
5550.000,119.000,12.960,6.370
5560.000,113.000,-0.500,7.200
5560.000,114.000,-0.040,1.290
5560.000,117.000,5.680,4.190
5560.000,118.000,3.520,3.430
5560.000,119.000,11.820,6.790
5570.000,113.000,-1.230,7.220
5570.000,114.000,-1.090,0.730
5570.000,117.000,6.690,4.340
5570.000,118.000,4.500,3.630
5570.000,119.000,11.130,7.190
5580.000,117.000,7.800,4.450
5580.000,118.000,5.520,3.930
5580.000,119.000,10.540,7.550
5590.000,117.000,8.860,4.630
5590.000,118.000,6.540,4.190
5590.000,119.000,9.730,7.840
5600.000,117.000,9.950,4.890
5600.000,118.000,7.590,4.420
5600.000,119.000,8.800,8.010
5610.000,117.000,11.020,5.100
5610.000,118.000,8.660,4.680
5610.000,119.000,7.780,8.000
5620.000,117.000,12.040,5.130
5620.000,118.000,9.690,4.920
5620.000,119.000,6.780,8.050
5620.000,120.000,12.130,6.500
5630.000,117.000,13.250,4.970
5630.000,118.000,10.710,5.270
5630.000,119.000,5.760,8.120
5630.000,120.000,11.310,6.810
6230.000,121.000,10.730,5.960
6230.000,122.000,10.670,6.710
6240.000,121.000,9.800,6.200
6240.000,122.000,9.790,6.950
6250.000,121.000,8.860,6.380
6250.000,122.000,8.850,7.140
6260.000,121.000,7.790,6.620
6260.000,122.000,7.950,7.330
6270.000,121.000,6.880,6.850
6270.000,122.000,7.050,7.550
6280.000,121.000,6.010,7.010
6280.000,122.000,6.220,7.710
6290.000,121.000,5.140,7.180
6290.000,122.000,5.360,7.880
6300.000,121.000,4.250,7.310
6300.000,122.000,4.530,8.020
6310.000,121.000,3.290,7.630
6310.000,122.000,3.450,8.240
6320.000,121.000,2.400,7.860
6320.000,122.000,2.540,8.420
6330.000,121.000,1.520,8.070
6330.000,122.000,1.660,8.640
6340.000,121.000,0.710,8.430
6340.000,122.000,0.890,8.990
6340.000,123.000,-2.460,5.210
6340.000,124.000,9.900,6.580
6350.000,121.000,-0.100,8.800
6350.000,122.000,0.170,9.470
6350.000,123.000,-1.660,5.080
6350.000,124.000,8.750,6.630
6360.000,121.000,-0.840,9.260
6360.000,122.000,-0.520,9.950
6360.000,123.000,-0.880,4.850
6360.000,124.000,7.570,6.610
6370.000,121.000,-1.600,9.700
6370.000,122.000,-1.270,10.400
6370.000,123.000,0.080,4.780
6370.000,124.000,6.400,6.470
6380.000,123.000,1.020,4.720
6380.000,124.000,5.260,6.280
6390.000,123.000,1.940,4.670
6390.000,124.000,4.110,6.120
6400.000,123.000,2.920,4.570
6400.000,124.000,2.990,6.000
6400.000,125.000,-2.250,4.530
6410.000,123.000,3.830,4.500
6410.000,124.000,1.850,5.790
6410.000,125.000,-1.170,4.570
6420.000,123.000,4.810,4.470
6420.000,124.000,0.750,5.500
6420.000,125.000,-0.070,4.510
6420.000,126.000,-5.190,6.380
6420.000,127.000,-5.450,7.310
6430.000,123.000,5.750,4.330
6430.000,124.000,-0.280,5.050
6430.000,125.000,0.930,4.560
6430.000,126.000,-4.300,6.500
6430.000,127.000,-4.560,7.420
6440.000,123.000,6.690,4.380
6440.000,124.000,-1.260,4.410
6440.000,125.000,2.010,4.580
6440.000,126.000,-3.360,6.560
6440.000,127.000,-3.660,7.480
6450.000,123.000,7.620,4.430
6450.000,124.000,-2.330,3.580
6450.000,125.000,3.060,4.550
6450.000,126.000,-2.420,6.510
6450.000,127.000,-2.720,7.420
6460.000,123.000,8.540,4.680
6460.000,125.000,4.050,4.450
6460.000,126.000,-1.390,6.390
6460.000,127.000,-1.590,7.310
6470.000,123.000,9.450,4.910
6470.000,125.000,5.130,4.440
6470.000,126.000,-0.560,6.380
6470.000,127.000,-0.590,7.220
6480.000,123.000,10.370,5.020
6480.000,125.000,6.190,4.440
6480.000,126.000,0.260,6.180
6480.000,127.000,0.360,7.140
6480.000,128.000,-1.720,4.830
6490.000,123.000,11.320,5.150
6490.000,125.000,7.320,4.440
6490.000,126.000,1.270,6.020
6490.000,127.000,1.320,7.050
6490.000,128.000,-0.440,4.600
6500.000,123.000,12.310,5.240
6500.000,125.000,8.390,4.420
6500.000,126.000,2.250,5.840
6500.000,127.000,2.280,6.900
6500.000,128.000,0.860,4.380
6510.000,125.000,9.430,4.430
6510.000,126.000,3.140,5.650
6510.000,127.000,3.160,6.660
6510.000,128.000,1.970,4.170
6520.000,125.000,10.470,4.470
6520.000,126.000,4.080,5.470
6520.000,127.000,4.100,6.430
6520.000,128.000,3.140,3.960
6530.000,125.000,11.520,4.720
6530.000,126.000,5.000,5.310
6530.000,127.000,5.010,6.310
6530.000,128.000,4.320,3.750
6540.000,125.000,12.580,5.080
6540.000,126.000,5.900,5.290
6540.000,127.000,5.920,6.230
6540.000,128.000,5.470,3.640
6550.000,126.000,6.750,5.230
6550.000,127.000,6.840,6.220
6550.000,128.000,6.590,3.660
6560.000,126.000,7.650,5.140
6560.000,127.000,7.720,6.190
6560.000,128.000,7.610,3.690
6570.000,126.000,8.490,5.030
6570.000,127.000,8.670,6.170
6570.000,128.000,8.600,3.760
6580.000,126.000,9.310,4.970
6580.000,127.000,9.530,6.230
6580.000,128.000,9.570,3.810
