0.000,1.000,1.410,-5.680
0.000,2.000,0.510,-6.940
0.000,3.000,2.300,-4.590
0.000,4.000,2.740,-2.500
0.000,5.000,-1.590,0.930
0.000,6.000,-1.720,1.320
0.000,7.000,-2.450,2.260
0.000,8.000,-1.450,-0.760
0.000,9.000,1.160,-8.540
0.000,10.000,-0.110,-9.900
10.000,1.000,1.280,-6.350
10.000,2.000,0.550,-7.590
10.000,3.000,1.940,-4.120
10.000,4.000,2.760,-1.770
10.000,5.000,-1.590,0.930
10.000,6.000,-1.720,1.320
10.000,7.000,-2.430,2.460
10.000,8.000,-1.450,-0.760
10.000,9.000,1.180,-9.170
10.000,10.000,-0.100,-9.880
20.000,3.000,1.530,-3.490
20.000,4.000,2.730,-1.070
20.000,5.000,-1.590,0.930
20.000,6.000,-1.720,1.320
20.000,7.000,-2.430,2.590
20.000,8.000,-1.450,-0.760
30.000,3.000,1.140,-2.990
30.000,4.000,2.730,-0.420
30.000,5.000,-1.590,0.930
30.000,6.000,-1.720,1.320
30.000,7.000,-2.380,2.820
30.000,8.000,-1.450,-0.760
40.000,3.000,0.840,-2.460
40.000,4.000,2.710,0.340
40.000,5.000,-1.590,0.930
40.000,6.000,-1.720,1.320
40.000,7.000,-2.410,3.350
40.000,8.000,-1.450,-0.760
50.000,3.000,0.450,-2.000
50.000,4.000,2.630,0.940
50.000,5.000,-1.590,0.930
50.000,6.000,-1.720,1.320
50.000,7.000,-2.410,3.760
50.000,8.000,-1.450,-0.760
60.000,3.000,0.170,-1.520
60.000,4.000,2.590,1.680
60.000,5.000,-1.590,0.930
60.000,6.000,-1.720,1.320
60.000,8.000,-1.450,-0.760
70.000,3.000,-0.100,-0.970
70.000,4.000,2.530,2.240
70.000,5.000,-1.590,0.930
70.000,6.000,-1.720,1.320
70.000,8.000,-1.450,-0.760
80.000,3.000,-0.340,-0.390
80.000,5.000,-1.590,0.930
80.000,6.000,-1.720,1.320
80.000,8.000,-1.450,-0.760
90.000,3.000,-0.550,0.190
90.000,5.000,-1.590,0.930
90.000,6.000,-1.720,1.320
90.000,8.000,-1.450,-0.760
100.000,3.000,-0.760,0.730
100.000,5.000,-1.590,0.930
100.000,6.000,-1.720,1.320
100.000,8.000,-1.450,-0.760
110.000,3.000,-0.940,1.210
110.000,5.000,-1.590,0.930
110.000,6.000,-1.700,1.320
110.000,8.000,-1.450,-0.760
120.000,3.000,-1.190,1.790
120.000,5.000,-1.590,0.930
120.000,6.000,-1.700,1.320
120.000,8.000,-1.450,-0.760
130.000,3.000,-1.460,2.170
130.000,5.000,-1.590,0.930
130.000,6.000,-1.700,1.320
130.000,8.000,-1.450,-0.760
140.000,5.000,-1.590,0.930
140.000,6.000,-1.700,1.320
140.000,8.000,-1.450,-0.760
140.000,11.000,0.400,2.980
140.000,12.000,1.250,2.850
140.000,13.000,1.010,3.820
150.000,5.000,-1.590,0.930
150.000,6.000,-1.700,1.320
150.000,8.000,-1.450,-0.760
150.000,11.000,0.340,2.200
150.000,12.000,1.330,2.640
150.000,13.000,0.900,3.500
160.000,5.000,-1.590,0.930
160.000,6.000,-1.700,1.320
160.000,8.000,-1.450,-0.760
160.000,11.000,0.340,1.360
160.000,12.000,1.360,2.360
160.000,13.000,0.760,3.120
170.000,5.000,-1.590,0.930
170.000,6.000,-1.700,1.320
170.000,8.000,-1.450,-0.760
170.000,11.000,0.400,0.550
170.000,12.000,1.340,1.980
170.000,13.000,0.740,2.590
170.000,14.000,4.000,-2.410
170.000,15.000,3.130,-2.310
170.000,16.000,3.580,-5.930
180.000,5.000,-1.590,0.930
180.000,6.000,-1.700,1.320
180.000,8.000,-1.510,-0.650
180.000,11.000,0.420,-0.300
180.000,12.000,1.380,1.500
180.000,13.000,0.740,2.000
180.000,14.000,3.990,-1.800
180.000,15.000,3.140,-1.800
180.000,16.000,3.440,-5.170
190.000,5.000,-1.590,0.930
190.000,6.000,-1.700,1.320
190.000,8.000,-1.450,-0.740
190.000,11.000,0.490,-1.140
190.000,12.000,1.400,0.970
190.000,13.000,0.760,1.390
190.000,14.000,3.920,-1.350
190.000,15.000,3.130,-1.300
190.000,16.000,3.350,-4.430
200.000,5.000,-1.590,0.930
200.000,6.000,-1.700,1.320
200.000,8.000,-1.450,-0.760
200.000,11.000,0.530,-1.970
200.000,12.000,1.350,0.350
200.000,13.000,0.780,0.770
200.000,14.000,3.900,-0.880
200.000,15.000,3.090,-0.810
200.000,16.000,3.250,-3.640
210.000,5.000,-1.590,0.930
210.000,6.000,-1.700,1.320
210.000,8.000,-1.550,-0.650
210.000,11.000,0.580,-2.800
210.000,12.000,1.380,-0.290
210.000,13.000,0.770,0.100
210.000,14.000,3.890,-0.400
210.000,15.000,3.090,-0.320
210.000,16.000,3.150,-2.850
220.000,5.000,-1.590,0.930
220.000,6.000,-1.700,1.320
220.000,8.000,-1.520,-0.610
220.000,11.000,0.600,-3.700
220.000,12.000,1.320,-0.920
220.000,13.000,0.750,-0.600
220.000,14.000,3.820,0.080
220.000,15.000,3.110,0.130
220.000,16.000,3.130,-2.040
230.000,5.000,-1.590,0.930
230.000,6.000,-1.700,1.320
230.000,8.000,-1.450,-0.740
230.000,11.000,0.740,-4.630
230.000,12.000,1.290,-1.630
230.000,13.000,0.720,-1.320
230.000,14.000,3.800,0.570
230.000,15.000,3.110,0.620
230.000,16.000,3.000,-1.240
230.000,17.000,1.420,-8.270
230.000,18.000,3.290,-6.770
240.000,5.000,-1.600,0.930
240.000,6.000,-1.720,1.320
240.000,8.000,-1.450,-0.760
240.000,11.000,0.710,-5.590
240.000,12.000,1.300,-2.370
240.000,13.000,0.700,-2.130
240.000,14.000,3.790,1.050
240.000,15.000,3.130,1.120
240.000,16.000,2.870,-0.360
240.000,17.000,1.550,-7.520
240.000,18.000,3.290,-6.040
250.000,5.000,-1.610,0.930
250.000,6.000,-1.720,1.320
250.000,8.000,-1.450,-0.760
250.000,11.000,0.700,-6.390
250.000,12.000,1.260,-3.130
250.000,13.000,0.720,-2.900
250.000,14.000,3.780,1.470
250.000,15.000,3.120,1.580
250.000,16.000,2.740,0.340
250.000,17.000,1.660,-6.710
250.000,18.000,3.240,-5.340
260.000,11.000,0.740,-7.260
260.000,12.000,1.240,-3.900
260.000,13.000,0.690,-3.560
260.000,14.000,3.720,1.990
260.000,15.000,3.080,2.030
260.000,16.000,2.620,1.080
260.000,17.000,1.860,-5.890
260.000,18.000,3.250,-4.660
270.000,11.000,0.800,-8.150
270.000,12.000,1.230,-4.670
270.000,13.000,0.690,-4.310
270.000,14.000,3.710,2.450
270.000,15.000,3.100,2.460
270.000,16.000,2.480,1.830
270.000,17.000,1.930,-5.090
270.000,18.000,3.240,-3.930
280.000,11.000,0.830,-9.020
280.000,12.000,1.240,-5.450
280.000,13.000,0.680,-5.100
280.000,14.000,3.700,2.920
280.000,15.000,3.120,2.910
280.000,16.000,2.270,2.560
280.000,17.000,2.000,-4.230
280.000,18.000,3.270,-3.240
290.000,12.000,1.310,-6.130
290.000,13.000,0.710,-5.870
290.000,17.000,2.030,-3.380
290.000,18.000,3.260,-2.570
300.000,12.000,1.260,-6.950
300.000,13.000,0.720,-6.600
300.000,17.000,1.980,-2.530
300.000,18.000,3.210,-1.880
310.000,12.000,1.300,-7.730
310.000,13.000,0.770,-7.350
310.000,17.000,1.950,-1.660
310.000,18.000,3.220,-1.220
320.000,12.000,1.300,-8.480
320.000,13.000,0.790,-8.190
320.000,17.000,1.920,-0.850
320.000,18.000,3.220,-0.530
320.000,19.000,0.360,1.640
330.000,17.000,1.910,-0.020
330.000,18.000,3.290,0.120
330.000,19.000,0.440,2.060
340.000,17.000,2.030,0.840
340.000,18.000,3.430,0.850
340.000,19.000,0.570,2.500
350.000,17.000,1.980,1.560
350.000,18.000,3.440,1.440
350.000,19.000,0.610,2.960
410.000,20.000,1.560,2.440
420.000,20.000,1.490,1.840
430.000,20.000,1.450,1.210
430.000,21.000,2.590,-6.300
440.000,20.000,1.360,0.570
440.000,21.000,2.560,-5.530
450.000,20.000,1.290,-0.060
450.000,21.000,2.530,-4.770
460.000,20.000,1.220,-0.710
460.000,21.000,2.450,-4.040
470.000,20.000,1.130,-1.340
470.000,21.000,2.440,-3.310
470.000,23.000,2.240,-7.480
480.000,20.000,1.100,-2.000
480.000,21.000,2.380,-2.570
480.000,23.000,2.190,-6.740
490.000,20.000,1.050,-2.650
490.000,21.000,2.290,-1.900
490.000,23.000,2.140,-5.980
500.000,20.000,1.080,-3.320
500.000,21.000,2.250,-1.170
500.000,23.000,2.170,-5.230
500.000,24.000,0.270,2.650
500.000,25.000,-0.670,2.780
500.000,26.000,3.530,-4.100
510.000,20.000,1.060,-4.140
510.000,21.000,2.180,-0.460
510.000,23.000,2.110,-4.410
510.000,24.000,0.440,2.340
510.000,25.000,-0.450,2.560
510.000,26.000,3.450,-3.580
520.000,20.000,1.040,-4.730
520.000,21.000,2.270,0.380
520.000,23.000,2.110,-3.650
520.000,24.000,0.580,2.100
520.000,25.000,-0.290,2.330
520.000,26.000,3.430,-3.050
530.000,20.000,1.070,-5.400
530.000,21.000,2.250,1.090
530.000,23.000,1.950,-2.860
530.000,24.000,0.700,1.880
530.000,25.000,-0.090,2.100
530.000,26.000,3.390,-2.570
530.000,27.000,2.380,-7.980
540.000,20.000,1.110,-6.110
540.000,21.000,2.190,1.770
540.000,23.000,1.860,-2.090
540.000,24.000,0.720,1.610
540.000,25.000,0.050,1.830
540.000,26.000,3.340,-2.060
540.000,27.000,2.420,-7.330
550.000,20.000,1.260,-6.860
550.000,21.000,2.200,2.440
550.000,23.000,1.870,-1.360
550.000,24.000,0.760,1.340
550.000,25.000,0.150,1.520
550.000,26.000,3.350,-1.550
550.000,27.000,2.490,-6.700
560.000,20.000,1.360,-7.580
560.000,23.000,1.860,-0.600
560.000,24.000,0.830,1.000
560.000,25.000,0.270,1.220
560.000,26.000,3.240,-1.060
560.000,27.000,2.440,-6.020
570.000,20.000,1.480,-8.260
570.000,23.000,1.940,0.100
570.000,24.000,0.820,0.680
570.000,25.000,0.260,0.900
570.000,26.000,3.190,-0.600
570.000,27.000,2.440,-5.350
580.000,20.000,1.600,-8.940
580.000,23.000,2.000,0.840
580.000,24.000,0.850,0.350
580.000,25.000,0.300,0.590
580.000,26.000,3.190,-0.100
580.000,27.000,2.440,-4.730
590.000,20.000,1.660,-9.650
590.000,23.000,2.030,1.610
590.000,24.000,0.990,0.010
590.000,25.000,0.270,0.280
590.000,26.000,3.150,0.400
590.000,27.000,2.350,-4.080
590.000,28.000,0.740,3.690
600.000,23.000,2.230,2.330
600.000,24.000,1.070,-0.320
600.000,25.000,0.260,-0.050
600.000,26.000,3.190,0.880
600.000,27.000,2.420,-3.440
600.000,28.000,0.780,3.360
610.000,24.000,1.130,-0.710
610.000,25.000,0.300,-0.390
610.000,26.000,3.220,1.360
610.000,27.000,2.460,-2.900
610.000,28.000,0.870,3.030
620.000,24.000,1.220,-1.080
620.000,25.000,0.260,-0.780
620.000,26.000,3.180,1.840
620.000,27.000,2.440,-2.360
620.000,28.000,0.920,2.660
630.000,24.000,1.290,-1.470
630.000,25.000,0.340,-1.180
630.000,27.000,2.620,-1.940
630.000,28.000,0.960,2.310
640.000,24.000,1.330,-1.820
640.000,25.000,0.370,-1.570
640.000,27.000,2.840,-1.610
640.000,28.000,1.070,1.960
650.000,24.000,1.420,-2.180
650.000,25.000,0.420,-1.960
650.000,27.000,3.040,-1.230
650.000,28.000,1.110,1.630
660.000,24.000,1.490,-2.540
660.000,25.000,0.500,-2.330
660.000,28.000,1.100,1.260
670.000,24.000,1.500,-2.910
670.000,25.000,0.540,-2.740
670.000,28.000,1.150,0.910
680.000,24.000,1.540,-3.310
680.000,25.000,0.660,-3.140
680.000,28.000,1.200,0.560
690.000,24.000,1.640,-3.800
690.000,25.000,0.710,-3.520
690.000,28.000,1.200,0.200
700.000,24.000,1.660,-4.260
700.000,25.000,0.800,-3.900
700.000,28.000,1.220,-0.140
710.000,24.000,1.670,-4.720
710.000,25.000,0.890,-4.270
710.000,28.000,1.320,-0.530
720.000,24.000,1.700,-5.180
720.000,25.000,0.880,-4.650
720.000,28.000,1.340,-0.970
720.000,29.000,-1.070,-5.690
720.000,30.000,-1.290,-7.530
730.000,24.000,1.650,-5.590
730.000,25.000,0.940,-5.060
730.000,28.000,1.310,-1.390
730.000,29.000,-0.890,-5.950
730.000,30.000,-1.290,-7.530
740.000,24.000,1.590,-5.980
740.000,25.000,0.930,-5.460
740.000,28.000,1.290,-1.880
740.000,29.000,-0.710,-6.250
740.000,30.000,-1.290,-7.530
750.000,24.000,1.650,-6.400
750.000,25.000,0.970,-5.870
750.000,28.000,1.200,-2.360
750.000,29.000,-0.470,-6.460
750.000,30.000,-1.290,-7.530
760.000,24.000,1.690,-6.770
760.000,25.000,0.990,-6.240
760.000,28.000,1.130,-2.860
760.000,29.000,-0.330,-6.790
760.000,30.000,-1.290,-7.530
770.000,24.000,1.710,-7.140
770.000,25.000,0.970,-6.620
770.000,28.000,1.130,-3.410
770.000,29.000,-0.140,-7.090
770.000,30.000,-1.290,-7.530
780.000,24.000,1.800,-7.430
780.000,25.000,1.070,-6.990
780.000,28.000,1.090,-3.950
780.000,29.000,0.080,-7.340
780.000,30.000,-1.290,-7.530
790.000,24.000,1.880,-7.700
790.000,25.000,1.130,-7.340
790.000,28.000,1.080,-4.420
790.000,29.000,0.140,-7.780
790.000,30.000,-1.290,-7.530
800.000,24.000,1.850,-7.960
800.000,25.000,1.220,-7.670
800.000,28.000,1.080,-4.940
800.000,29.000,0.280,-8.130
800.000,30.000,-1.290,-7.530
810.000,28.000,1.040,-5.400
810.000,30.000,-1.290,-7.530
870.000,31.000,3.300,-2.460
870.000,32.000,2.220,3.700
880.000,31.000,3.290,-1.780
880.000,32.000,2.160,3.000
890.000,31.000,3.300,-1.130
890.000,32.000,2.160,2.360
900.000,31.000,3.310,-0.500
900.000,32.000,2.090,1.720
910.000,31.000,3.330,0.160
910.000,32.000,2.040,1.110
920.000,31.000,3.370,0.810
920.000,32.000,2.050,0.460
930.000,31.000,3.370,1.460
930.000,32.000,2.040,-0.220
940.000,31.000,3.430,2.060
940.000,32.000,2.100,-0.860
950.000,31.000,3.450,2.640
950.000,32.000,2.160,-1.550
950.000,33.000,0.780,-7.340
950.000,34.000,-1.310,-7.490
960.000,32.000,2.150,-2.240
960.000,33.000,0.620,-6.800
960.000,34.000,-1.310,-7.490
960.000,35.000,0.550,1.930
970.000,32.000,2.260,-2.950
970.000,33.000,0.570,-6.250
970.000,34.000,-1.310,-7.490
970.000,35.000,0.480,1.300
980.000,32.000,2.270,-3.640
980.000,33.000,0.450,-5.730
980.000,34.000,-1.310,-7.490
980.000,35.000,0.350,0.660
990.000,33.000,0.250,-5.170
990.000,35.000,0.270,-0.010
1000.000,36.000,0.190,-0.630
1000.000,37.000,0.050,-4.680
1000.000,38.000,-1.400,-7.320
1010.000,36.000,0.040,-1.200
1010.000,37.000,-0.220,-4.310
1010.000,38.000,-1.400,-7.300
1010.000,39.000,-2.740,-3.220
1020.000,36.000,-0.010,-1.820
1020.000,37.000,-0.520,-3.930
1020.000,38.000,-1.400,-7.280
1020.000,39.000,-2.710,-3.060
1030.000,36.000,-0.190,-2.500
1030.000,37.000,-0.780,-3.500
1030.000,38.000,-1.400,-7.280
1030.000,39.000,-2.740,-2.760
1040.000,36.000,-0.390,-3.060
1040.000,37.000,-1.050,-3.160
1040.000,38.000,-1.400,-7.280
1040.000,39.000,-2.700,-2.510
1050.000,36.000,-0.640,-3.660
1050.000,37.000,-1.240,-2.850
1050.000,38.000,-1.400,-7.280
1050.000,39.000,-2.630,-2.300
1050.000,40.000,-1.600,0.950
1050.000,41.000,-1.740,1.300
1060.000,36.000,-0.990,-4.220
1060.000,37.000,-1.370,-2.620
1060.000,38.000,-1.400,-7.280
1060.000,39.000,-2.640,-2.060
1060.000,40.000,-1.600,0.950
1060.000,41.000,-1.740,1.300
1070.000,36.000,-1.220,-4.660
1070.000,37.000,-1.570,-2.520
1070.000,38.000,-1.400,-7.280
1070.000,39.000,-2.660,-1.970
1070.000,40.000,-1.600,0.950
1070.000,41.000,-1.740,1.300
1080.000,36.000,-1.700,-5.110
1080.000,37.000,-1.660,-2.540
1080.000,38.000,-1.400,-7.280
1080.000,39.000,-2.590,-2.010
1080.000,41.000,-1.740,1.300
1080.000,42.000,-2.170,-8.630
1090.000,36.000,-2.150,-5.550
1090.000,38.000,-1.360,-7.320
1090.000,41.000,-1.740,1.300
1090.000,42.000,-2.180,-8.090
1100.000,36.000,-2.570,-5.880
1100.000,38.000,-1.330,-7.380
1100.000,41.000,-1.740,1.300
1100.000,42.000,-2.080,-7.590
1110.000,36.000,-2.880,-6.310
1110.000,38.000,-1.310,-7.420
1110.000,42.000,-2.020,-7.040
1120.000,36.000,-3.250,-6.550
1120.000,38.000,-1.310,-7.430
1120.000,42.000,-1.900,-6.540
1130.000,38.000,-1.310,-7.430
1130.000,42.000,-1.700,-6.020
1140.000,38.000,-1.310,-7.430
1140.000,42.000,-1.590,-5.640
1140.000,43.000,-1.690,-2.560
1140.000,44.000,-2.390,-2.190
1140.000,45.000,1.270,1.880
1150.000,38.000,-1.310,-7.430
1150.000,42.000,-1.490,-5.320
1150.000,43.000,-1.690,-2.560
1150.000,44.000,-2.390,-2.190
1150.000,45.000,1.310,1.190
1150.000,46.000,-1.650,0.900
1150.000,47.000,-1.720,1.280
1160.000,38.000,-1.310,-7.430
1160.000,42.000,-1.360,-4.870
1160.000,43.000,-1.690,-2.560
1160.000,44.000,-2.390,-2.190
1160.000,45.000,1.350,0.530
1160.000,46.000,-1.650,0.900
1160.000,47.000,-1.720,1.280
1160.000,48.000,2.940,-5.770
1170.000,38.000,-1.310,-7.430
1170.000,42.000,-1.630,-4.780
1170.000,43.000,-1.690,-2.560
1170.000,44.000,-2.390,-2.190
1170.000,45.000,1.370,-0.170
1170.000,46.000,-1.650,0.900
1170.000,47.000,-1.720,1.280
1170.000,48.000,2.760,-5.100
1180.000,38.000,-1.310,-7.430
1180.000,45.000,1.420,-0.910
1180.000,46.000,-1.650,0.900
1180.000,47.000,-1.720,1.280
1180.000,48.000,2.660,-4.420
1190.000,38.000,-1.310,-7.430
1190.000,45.000,1.430,-1.670
1190.000,46.000,-1.650,0.900
1190.000,47.000,-1.720,1.280
1190.000,48.000,2.540,-3.770
1200.000,38.000,-1.310,-7.430
1200.000,45.000,1.470,-2.580
1200.000,46.000,-1.650,0.900
1200.000,47.000,-1.720,1.280
1200.000,48.000,2.470,-3.130
1210.000,38.000,-1.370,-7.530
1210.000,45.000,1.580,-3.220
1210.000,46.000,-1.650,0.900
1210.000,47.000,-1.720,1.280
1210.000,48.000,2.400,-2.450
1210.000,49.000,-1.090,-3.640
1220.000,38.000,-1.430,-7.560
1220.000,45.000,1.690,-3.990
1220.000,46.000,-1.650,0.900
1220.000,47.000,-1.720,1.280
1220.000,48.000,2.300,-1.750
1220.000,49.000,-0.840,-4.050
1230.000,38.000,-1.320,-7.440
1230.000,45.000,1.660,-4.930
1230.000,46.000,-1.650,0.900
1230.000,47.000,-1.720,1.280
1230.000,48.000,2.270,-1.100
1230.000,49.000,-0.490,-4.480
1240.000,38.000,-1.310,-7.430
1240.000,45.000,1.820,-5.740
1240.000,46.000,-1.650,0.900
1240.000,47.000,-1.720,1.280
1240.000,48.000,2.200,-0.480
1240.000,49.000,-0.210,-4.780
1240.000,51.000,0.920,3.060
1250.000,38.000,-1.310,-7.430
1250.000,45.000,1.970,-6.530
1250.000,46.000,-1.650,0.900
1250.000,47.000,-1.720,1.280
1250.000,48.000,2.210,0.130
1250.000,49.000,0.040,-5.270
1250.000,51.000,1.010,2.490
1260.000,38.000,-1.310,-7.430
1260.000,45.000,2.080,-7.320
1260.000,46.000,-1.650,0.900
1260.000,47.000,-1.720,1.280
1260.000,48.000,2.140,0.740
1260.000,49.000,0.330,-5.730
1260.000,51.000,1.030,1.910
1270.000,38.000,-1.320,-7.410
1270.000,45.000,2.260,-8.060
1270.000,46.000,-1.650,0.900
1270.000,47.000,-1.720,1.280
1270.000,48.000,2.090,1.290
1270.000,49.000,0.520,-6.300
1270.000,51.000,1.020,1.330
1280.000,38.000,-1.340,-7.370
1280.000,46.000,-1.650,0.900
1280.000,47.000,-1.720,1.280
1280.000,48.000,2.030,1.850
1280.000,49.000,0.560,-6.890
1280.000,51.000,1.090,0.700
1290.000,38.000,-1.360,-7.340
1290.000,46.000,-1.650,0.900
1290.000,47.000,-1.720,1.280
1290.000,48.000,1.920,2.380
1290.000,49.000,0.670,-7.480
1290.000,51.000,1.080,0.070
1300.000,38.000,-1.360,-7.300
1300.000,46.000,-1.650,0.900
1300.000,47.000,-1.720,1.280
1300.000,49.000,0.670,-8.050
1300.000,51.000,1.120,-0.520
1310.000,38.000,-1.360,-7.320
1310.000,46.000,-1.650,0.900
1310.000,47.000,-1.720,1.280
1310.000,49.000,0.770,-8.640
1310.000,51.000,1.160,-1.150
1320.000,38.000,-1.330,-7.380
1320.000,46.000,-1.650,0.900
1320.000,47.000,-1.720,1.280
1320.000,51.000,1.180,-1.790
1330.000,38.000,-1.290,-7.440
1330.000,46.000,-1.650,0.900
1330.000,47.000,-1.720,1.280
1330.000,51.000,1.300,-2.420
1340.000,38.000,-1.270,-7.470
1340.000,46.000,-1.650,0.900
1340.000,47.000,-1.720,1.280
1340.000,51.000,1.520,-3.160
1350.000,38.000,-1.270,-7.470
1350.000,46.000,-1.650,0.900
1350.000,47.000,-1.720,1.280
1350.000,51.000,1.520,-3.830
1360.000,38.000,-1.270,-7.470
1360.000,46.000,-1.650,0.900
1360.000,47.000,-1.720,1.280
1360.000,51.000,1.610,-4.390
1370.000,38.000,-1.270,-7.470
1370.000,46.000,-1.650,0.900
1370.000,47.000,-1.720,1.280
1370.000,51.000,1.600,-5.090
1380.000,38.000,-1.310,-7.580
1380.000,46.000,-1.650,0.900
1380.000,47.000,-1.720,1.280
1380.000,51.000,1.630,-5.780
1390.000,38.000,-1.290,-7.520
1400.000,38.000,-1.270,-7.470
1410.000,38.000,-1.270,-7.470
1420.000,38.000,-1.270,-7.470
1430.000,38.000,-1.270,-7.470
1440.000,38.000,-1.270,-7.470
1450.000,38.000,-1.270,-7.470
1460.000,38.000,-1.270,-7.470
1470.000,38.000,-1.270,-7.470
1480.000,38.000,-1.270,-7.470
1480.000,52.000,2.190,-1.870
1480.000,53.000,3.020,-1.860
1480.000,54.000,3.820,-1.390
1490.000,38.000,-1.270,-7.470
1490.000,52.000,2.040,-1.140
1490.000,53.000,2.910,-1.140
1490.000,54.000,3.650,-0.600
1490.000,55.000,-0.600,2.730
1500.000,38.000,-1.290,-7.470
1500.000,52.000,1.950,-0.430
1500.000,53.000,2.740,-0.430
1500.000,54.000,3.610,0.160
1500.000,55.000,-0.350,2.650
1510.000,38.000,-1.380,-7.430
1510.000,52.000,1.970,0.300
1510.000,53.000,2.660,0.290
1510.000,54.000,3.600,0.820
1510.000,55.000,-0.200,2.510
1520.000,38.000,-1.470,-7.340
1520.000,52.000,1.930,0.980
1520.000,53.000,2.590,0.990
1520.000,54.000,3.490,1.440
1520.000,55.000,-0.060,2.270
1530.000,38.000,-1.510,-7.270
1530.000,52.000,2.010,1.660
1530.000,53.000,2.600,1.680
1530.000,54.000,3.390,2.110
1530.000,55.000,0.030,2.070
1540.000,38.000,-1.520,-7.270
1540.000,52.000,1.890,2.350
1540.000,53.000,2.550,2.340
1540.000,54.000,3.240,2.770
1540.000,55.000,0.190,1.900
1550.000,38.000,-1.520,-7.270
1550.000,52.000,1.820,3.040
1550.000,53.000,2.550,2.990
1550.000,54.000,3.210,3.450
1550.000,55.000,0.350,1.750
1560.000,38.000,-1.520,-7.270
1560.000,55.000,0.430,1.570
1570.000,38.000,-1.520,-7.270
1570.000,55.000,0.470,1.290
1580.000,38.000,-1.520,-7.270
1580.000,55.000,0.520,1.090
1590.000,38.000,-1.520,-7.270
1590.000,55.000,0.580,0.920
1600.000,38.000,-1.520,-7.270
1600.000,55.000,0.650,0.800
1610.000,38.000,-1.520,-7.270
1610.000,55.000,0.650,0.700
1620.000,38.000,-1.520,-7.270
1620.000,55.000,0.620,0.550
1630.000,38.000,-1.520,-7.270
1640.000,38.000,-1.520,-7.270
1650.000,38.000,-1.520,-7.270
1660.000,38.000,-1.520,-7.270
1670.000,38.000,-1.520,-7.270
1670.000,56.000,1.480,0.550
1670.000,57.000,3.140,-3.220
1680.000,38.000,-1.520,-7.270
1680.000,56.000,1.750,0.660
1680.000,57.000,3.070,-2.620
1690.000,38.000,-1.520,-7.270
1690.000,56.000,1.980,0.860
1690.000,57.000,2.960,-2.040
1700.000,38.000,-1.520,-7.270
1700.000,56.000,2.290,0.960
1700.000,57.000,2.970,-1.500
1710.000,38.000,-1.520,-7.270
1710.000,56.000,2.640,1.080
1710.000,57.000,2.940,-0.930
1720.000,38.000,-1.520,-7.270
1720.000,56.000,2.930,1.220
1720.000,57.000,2.780,-0.380
1730.000,38.000,-1.520,-7.270
1730.000,56.000,3.190,1.450
1730.000,57.000,2.690,0.130
1740.000,38.000,-1.520,-7.270
1740.000,56.000,3.480,1.570
1740.000,57.000,2.650,0.720
1750.000,38.000,-1.520,-7.270
1750.000,56.000,3.860,1.730
1750.000,57.000,2.570,1.340
1760.000,38.000,-1.520,-7.270
1770.000,38.000,-1.520,-7.270
1780.000,38.000,-1.520,-7.270
1790.000,38.000,-1.520,-7.270
1790.000,58.000,2.430,-4.160
1800.000,38.000,-1.520,-7.270
1800.000,58.000,2.440,-3.270
1810.000,38.000,-1.520,-7.270
1810.000,58.000,2.440,-2.380
1820.000,38.000,-1.520,-7.270
1820.000,58.000,2.470,-1.490
1830.000,38.000,-1.520,-7.270
1830.000,58.000,2.540,-0.610
1840.000,38.000,-1.520,-7.270
1840.000,58.000,2.560,0.270
1840.000,59.000,1.760,3.800
1840.000,60.000,1.040,4.060
1850.000,38.000,-1.520,-7.270
1850.000,58.000,2.640,1.140
1850.000,59.000,1.730,3.270
1850.000,60.000,0.950,3.500
1850.000,61.000,2.860,-5.310
1850.000,62.000,3.240,-3.680
1860.000,38.000,-1.520,-7.270
1860.000,58.000,2.670,1.990
1860.000,59.000,1.690,2.840
1860.000,60.000,1.000,3.040
1860.000,61.000,2.830,-4.610
1860.000,62.000,3.230,-3.080
1870.000,38.000,-1.520,-7.270
1870.000,58.000,2.720,2.940
1870.000,59.000,1.680,2.380
1870.000,60.000,1.040,2.630
1870.000,61.000,2.730,-3.930
1870.000,62.000,3.210,-2.520
1880.000,38.000,-1.520,-7.270
1880.000,59.000,1.650,2.110
1880.000,60.000,1.020,2.210
1880.000,61.000,2.630,-3.270
1880.000,62.000,3.200,-1.950
1890.000,38.000,-1.520,-7.270
1890.000,59.000,1.820,1.810
1890.000,60.000,1.070,1.880
1890.000,61.000,2.670,-2.600
1890.000,62.000,3.280,-1.360
1900.000,38.000,-1.520,-7.270
1900.000,59.000,2.050,1.460
1900.000,60.000,1.080,1.610
1900.000,61.000,2.630,-1.940
1900.000,62.000,3.310,-0.810
1900.000,63.000,1.180,3.750
1910.000,38.000,-1.520,-7.270
1910.000,59.000,1.970,1.120
1910.000,60.000,1.060,1.330
1910.000,61.000,2.670,-1.330
1910.000,62.000,3.340,-0.250
1910.000,63.000,1.200,3.250
1920.000,38.000,-1.520,-7.270
1920.000,59.000,1.810,0.820
1920.000,60.000,0.980,1.120
1920.000,61.000,2.770,-0.740
1920.000,62.000,3.460,0.320
1920.000,63.000,1.330,2.710
1930.000,38.000,-1.520,-7.270
1930.000,59.000,1.810,0.470
1930.000,60.000,0.980,0.900
1930.000,61.000,2.700,-0.050
1930.000,62.000,3.490,0.860
1930.000,63.000,1.450,2.130
1940.000,38.000,-1.520,-7.270
1940.000,59.000,1.730,0.140
1940.000,60.000,0.980,0.590
1940.000,61.000,2.670,0.590
1940.000,62.000,3.520,1.400
1940.000,63.000,1.690,1.610
1950.000,38.000,-1.520,-7.270
1950.000,59.000,1.530,-0.080
1950.000,60.000,1.030,0.280
1950.000,61.000,2.620,1.280
1950.000,62.000,3.630,1.930
1950.000,63.000,1.970,1.070
1960.000,38.000,-1.520,-7.270
1960.000,59.000,1.410,-0.320
1960.000,60.000,0.940,-0.040
1960.000,61.000,2.400,1.940
1960.000,62.000,3.630,2.420
1960.000,63.000,2.200,0.540
1970.000,38.000,-1.520,-7.270
1970.000,59.000,1.370,-0.620
1970.000,60.000,0.880,-0.340
1970.000,61.000,2.350,2.590
1970.000,62.000,3.630,2.930
1970.000,63.000,2.440,-0.080
1980.000,38.000,-1.520,-7.270
1980.000,59.000,1.250,-0.840
1980.000,60.000,0.930,-0.570
1980.000,63.000,2.560,-0.760
1990.000,38.000,-1.520,-7.270
1990.000,59.000,1.110,-1.020
1990.000,60.000,0.830,-0.740
1990.000,63.000,2.610,-1.410
2000.000,64.000,1.020,-1.180
2000.000,65.000,0.700,-0.860
2000.000,66.000,2.630,-2.220
2010.000,64.000,0.980,-1.440
2010.000,65.000,0.660,-1.110
2010.000,66.000,2.570,-2.940
2020.000,64.000,0.870,-1.610
2020.000,65.000,0.550,-1.310
2020.000,66.000,2.590,-3.640
2030.000,64.000,0.670,-1.730
2030.000,65.000,0.580,-1.370
2030.000,66.000,2.560,-4.380
2040.000,64.000,0.570,-1.880
2040.000,65.000,0.500,-1.520
2040.000,66.000,2.470,-5.070
2050.000,64.000,0.440,-2.110
2050.000,65.000,0.490,-1.500
2050.000,66.000,2.450,-5.770
2060.000,64.000,0.170,-2.290
2060.000,65.000,0.490,-1.500
2060.000,66.000,2.330,-6.470
2100.000,67.000,3.130,-7.140
2110.000,67.000,3.210,-6.340
2120.000,67.000,3.210,-5.550
2130.000,67.000,3.170,-4.740
2130.000,68.000,3.050,-7.320
2130.000,69.000,3.070,-9.210
2140.000,67.000,3.100,-3.940
2140.000,68.000,2.990,-6.460
2140.000,69.000,3.040,-8.450
2150.000,67.000,2.990,-3.160
2150.000,68.000,2.970,-5.730
2150.000,69.000,2.940,-7.660
2160.000,67.000,2.910,-2.440
2160.000,68.000,2.950,-4.970
2160.000,69.000,2.730,-6.870
2170.000,67.000,2.780,-1.690
2170.000,68.000,2.920,-4.220
2170.000,69.000,2.550,-6.060
2180.000,67.000,2.760,-0.890
2180.000,68.000,3.040,-3.500
2180.000,69.000,2.290,-5.240
2190.000,67.000,2.610,-0.140
2190.000,68.000,3.080,-2.770
2190.000,69.000,2.120,-4.470
2200.000,67.000,2.530,0.600
2200.000,68.000,3.120,-2.050
2200.000,69.000,1.930,-3.660
2210.000,67.000,2.420,1.330
2210.000,68.000,3.250,-1.420
2210.000,69.000,1.830,-2.850
2220.000,67.000,2.360,2.120
2220.000,68.000,3.330,-0.760
2220.000,69.000,1.880,-2.040
2230.000,68.000,3.450,-0.050
2230.000,69.000,1.890,-1.230
2240.000,69.000,1.980,-0.450
2300.000,70.000,2.850,0.740
2310.000,70.000,2.930,0.250
2320.000,70.000,3.140,-0.230
2330.000,70.000,3.350,-0.730
2340.000,70.000,3.550,-1.230
2350.000,70.000,3.800,-1.870
2770.000,71.000,2.660,3.270
2770.000,72.000,1.950,3.460
2770.000,73.000,3.660,0.820
2780.000,71.000,2.670,2.680
2780.000,72.000,1.860,2.860
2780.000,73.000,3.630,1.380
2790.000,71.000,2.690,2.070
2790.000,72.000,1.830,2.270
2790.000,73.000,3.610,1.990
2800.000,71.000,2.640,1.450
2800.000,72.000,1.790,1.720
2800.000,73.000,3.590,2.570
2810.000,71.000,2.630,0.860
2810.000,72.000,1.750,1.160
2820.000,71.000,2.630,0.250
2820.000,72.000,1.790,0.550
2830.000,71.000,2.600,-0.340
2830.000,72.000,1.800,-0.060
2840.000,71.000,2.620,-0.930
2840.000,72.000,1.790,-0.660
2840.000,75.000,2.290,-6.960
2840.000,76.000,2.880,-7.740
2840.000,77.000,3.450,-7.480
2840.000,78.000,3.590,-6.430
2840.000,79.000,1.230,-8.160
2840.000,80.000,1.480,-9.330
2850.000,71.000,2.560,-1.510
2850.000,72.000,1.790,-1.270
2850.000,75.000,2.320,-6.520
2850.000,76.000,2.780,-7.310
2850.000,77.000,3.350,-7.080
2850.000,78.000,3.630,-6.000
2850.000,79.000,1.230,-8.160
2850.000,80.000,1.480,-9.330
2860.000,71.000,2.450,-2.130
2860.000,72.000,1.690,-1.910
2860.000,75.000,2.360,-6.090
2860.000,76.000,2.820,-6.860
2860.000,78.000,3.700,-5.540
2860.000,79.000,1.230,-8.160
2860.000,80.000,1.480,-9.330
2870.000,71.000,2.350,-2.710
2870.000,72.000,1.600,-2.540
2870.000,75.000,2.570,-5.620
2870.000,76.000,2.920,-6.430
2870.000,78.000,3.760,-5.040
2870.000,79.000,1.230,-8.160
2870.000,80.000,1.480,-9.330
2870.000,81.000,3.840,-6.310
2880.000,71.000,2.190,-3.290
2880.000,72.000,1.490,-3.150
2880.000,75.000,2.690,-5.170
2880.000,76.000,2.960,-5.990
2880.000,78.000,3.790,-4.570
2880.000,79.000,1.230,-8.160
2880.000,80.000,1.480,-9.330
2880.000,81.000,3.910,-5.920
2890.000,71.000,2.130,-3.910
2890.000,72.000,1.350,-3.770
2890.000,75.000,2.730,-4.700
2890.000,76.000,3.130,-5.560
2890.000,78.000,3.870,-3.990
2890.000,79.000,1.230,-8.160
2890.000,80.000,1.480,-9.330
2890.000,81.000,4.040,-5.400
2900.000,71.000,2.060,-4.540
2900.000,72.000,1.290,-4.420
2900.000,75.000,2.800,-4.220
2900.000,76.000,3.250,-5.180
2900.000,78.000,3.870,-3.450
2900.000,79.000,1.230,-8.160
2900.000,80.000,1.480,-9.330
2900.000,81.000,4.040,-5.020
2900.000,82.000,3.090,-9.650
2910.000,71.000,2.020,-5.180
2910.000,72.000,1.200,-5.060
2910.000,75.000,2.860,-3.800
2910.000,76.000,3.290,-4.540
2910.000,78.000,3.860,-2.980
2910.000,79.000,1.230,-8.160
2910.000,80.000,1.480,-9.330
2910.000,81.000,4.090,-4.530
2910.000,82.000,3.130,-9.000
2920.000,71.000,2.090,-5.800
2920.000,72.000,1.090,-5.730
2920.000,75.000,2.790,-3.360
2920.000,76.000,3.390,-4.040
2920.000,78.000,3.850,-2.460
2920.000,79.000,1.230,-8.160
2920.000,80.000,1.480,-9.330
2920.000,81.000,4.120,-3.990
2920.000,82.000,3.140,-8.400
2930.000,71.000,2.150,-6.460
2930.000,72.000,0.990,-6.420
2930.000,79.000,1.230,-8.160
2930.000,80.000,1.480,-9.330
2930.000,82.000,3.300,-7.820
2940.000,71.000,2.280,-7.130
2940.000,72.000,0.830,-7.100
2940.000,79.000,1.230,-8.160
2940.000,80.000,1.480,-9.330
2940.000,82.000,3.430,-7.290
2950.000,71.000,2.380,-7.770
2950.000,72.000,0.760,-7.760
2950.000,79.000,1.230,-8.160
2950.000,80.000,1.480,-9.330
2950.000,82.000,3.530,-6.750
2960.000,71.000,2.430,-8.430
2960.000,72.000,0.750,-8.580
2960.000,79.000,1.240,-8.150
2960.000,80.000,1.480,-9.330
2970.000,71.000,2.480,-9.090
2970.000,72.000,0.700,-9.280
2970.000,79.000,1.230,-8.140
2970.000,80.000,1.480,-9.330
2980.000,71.000,2.450,-9.730
2980.000,72.000,0.850,-9.900
2980.000,79.000,1.230,-8.140
2980.000,80.000,1.500,-9.330
3100.000,83.000,1.650,2.700
3110.000,83.000,1.730,2.090
3110.000,84.000,3.390,-0.920
3120.000,83.000,1.730,1.520
3120.000,84.000,3.460,-0.360
3130.000,83.000,1.710,0.910
3130.000,84.000,3.540,0.190
3140.000,83.000,1.780,0.300
3140.000,84.000,3.550,0.770
3150.000,83.000,1.760,-0.310
3160.000,83.000,1.720,-0.890
3170.000,83.000,1.740,-1.470
3170.000,85.000,1.220,-8.240
3170.000,86.000,1.410,-9.280
3180.000,83.000,1.680,-2.070
3180.000,85.000,1.220,-8.240
3180.000,86.000,1.410,-9.280
3190.000,83.000,1.660,-2.670
3190.000,85.000,1.220,-8.240
3190.000,86.000,1.410,-9.280
3200.000,83.000,1.680,-3.290
3200.000,85.000,1.220,-8.240
3200.000,86.000,1.410,-9.280
3200.000,87.000,3.360,-8.770
3210.000,83.000,1.580,-3.910
3210.000,85.000,1.220,-8.240
3210.000,86.000,1.410,-9.280
3210.000,87.000,3.330,-8.020
3220.000,83.000,1.490,-4.550
3220.000,85.000,1.220,-8.240
3220.000,86.000,1.410,-9.280
3220.000,87.000,3.350,-7.300
3230.000,83.000,1.350,-5.170
3230.000,85.000,1.220,-8.240
3230.000,86.000,1.410,-9.280
3230.000,87.000,3.320,-6.610
3240.000,83.000,1.090,-5.740
3240.000,85.000,1.220,-8.240
3240.000,86.000,1.410,-9.280
3240.000,87.000,3.220,-5.880
3250.000,83.000,0.930,-6.330
3250.000,85.000,1.220,-8.240
3250.000,86.000,1.410,-9.280
3260.000,83.000,0.750,-6.880
3260.000,85.000,1.220,-8.240
3260.000,86.000,1.410,-9.280
3270.000,83.000,0.510,-7.430
3270.000,85.000,1.220,-8.240
3270.000,86.000,1.410,-9.270
3280.000,83.000,0.460,-8.020
3280.000,85.000,1.220,-8.240
3280.000,86.000,1.410,-9.260
3290.000,83.000,0.410,-8.570
3290.000,85.000,1.220,-8.240
3290.000,86.000,1.410,-9.260
3300.000,83.000,0.330,-9.130
3300.000,85.000,1.220,-8.240
3300.000,86.000,1.410,-9.260
3410.000,89.000,1.830,-0.490
3410.000,90.000,1.280,-0.650
3410.000,91.000,1.970,-3.910
3410.000,92.000,1.280,-8.290
3410.000,93.000,1.410,-9.200
3420.000,89.000,1.880,-0.980
3420.000,90.000,1.330,-1.160
3420.000,91.000,2.090,-4.420
3420.000,92.000,1.260,-8.250
3420.000,93.000,1.410,-9.200
3430.000,89.000,1.890,-1.470
3430.000,90.000,1.340,-1.680
3430.000,91.000,2.200,-4.950
3430.000,92.000,1.240,-8.210
3430.000,93.000,1.410,-9.200
3440.000,89.000,2.000,-1.980
3440.000,90.000,1.470,-2.200
3440.000,91.000,2.270,-5.490
3440.000,92.000,1.240,-8.210
3440.000,93.000,1.410,-9.200
3450.000,89.000,2.100,-2.490
3450.000,90.000,1.570,-2.710
3450.000,91.000,2.340,-5.990
3450.000,92.000,1.240,-8.210
3450.000,93.000,1.410,-9.200
3460.000,89.000,2.180,-3.050
3460.000,90.000,1.640,-3.290
3460.000,91.000,2.400,-6.480
3460.000,92.000,1.240,-8.210
3460.000,93.000,1.410,-9.200
3470.000,89.000,2.300,-3.590
3470.000,90.000,1.750,-3.820
3470.000,91.000,2.470,-6.940
3470.000,92.000,1.240,-8.210
3470.000,93.000,1.410,-9.200
3480.000,89.000,2.400,-4.110
3480.000,90.000,1.850,-4.350
3480.000,91.000,2.520,-7.370
3480.000,92.000,1.240,-8.210
3480.000,93.000,1.410,-9.200
3480.000,94.000,2.450,-10.150
3490.000,89.000,2.460,-4.650
3490.000,90.000,1.900,-4.900
3490.000,91.000,2.500,-7.950
3490.000,92.000,1.240,-8.220
3490.000,93.000,1.410,-9.200
3490.000,94.000,2.670,-10.020
3490.000,95.000,3.700,-10.210
3500.000,89.000,2.560,-5.130
3500.000,90.000,1.960,-5.400
3500.000,91.000,2.380,-8.320
3500.000,92.000,1.240,-8.230
3500.000,93.000,1.410,-9.200
3500.000,94.000,2.920,-9.820
3500.000,95.000,3.790,-9.600
3510.000,89.000,2.590,-5.510
3510.000,90.000,2.060,-5.930
3510.000,91.000,2.370,-8.880
3510.000,92.000,1.240,-8.230
3510.000,93.000,1.410,-9.200
3510.000,94.000,3.250,-9.560
3510.000,95.000,3.780,-8.920
3520.000,89.000,2.670,-6.110
3520.000,90.000,2.080,-6.430
3520.000,91.000,2.210,-9.410
3520.000,92.000,1.240,-8.210
3520.000,93.000,1.410,-9.200
3520.000,94.000,3.430,-9.350
3520.000,95.000,3.790,-8.290
3530.000,89.000,2.810,-6.630
3530.000,90.000,2.070,-6.970
3530.000,91.000,2.250,-9.990
3530.000,92.000,1.240,-8.210
3530.000,93.000,1.410,-9.200
3530.000,94.000,3.660,-9.020
3530.000,95.000,3.740,-7.730
3540.000,89.000,2.790,-7.160
3540.000,90.000,2.140,-7.510
3540.000,92.000,1.240,-8.210
3540.000,93.000,1.430,-9.190
3540.000,95.000,3.800,-7.110
3550.000,89.000,2.900,-7.650
3550.000,90.000,2.120,-8.080
3550.000,92.000,1.240,-8.210
3550.000,93.000,1.470,-9.150
3560.000,89.000,2.900,-8.180
3560.000,90.000,2.090,-8.660
3560.000,92.000,1.240,-8.210
3560.000,93.000,1.450,-9.140
3570.000,89.000,2.890,-8.730
3570.000,90.000,2.280,-9.110
3570.000,92.000,1.240,-8.210
3570.000,93.000,1.400,-9.140
3580.000,89.000,2.860,-9.350
3580.000,90.000,2.160,-9.650
3580.000,92.000,1.240,-8.210
3580.000,93.000,1.380,-9.140
4000.000,96.000,1.980,3.740
4000.000,97.000,1.220,3.290
4000.000,98.000,3.510,1.980
4000.000,99.000,3.530,-4.780
4000.000,100.000,3.220,-8.860
4000.000,101.000,1.260,-8.150
4000.000,102.000,1.370,-9.200
4010.000,96.000,1.960,3.440
4010.000,97.000,1.260,2.920
4010.000,98.000,3.530,1.610
4010.000,99.000,3.570,-4.140
4010.000,100.000,2.950,-8.250
4010.000,101.000,1.260,-8.150
4010.000,102.000,1.370,-9.200
4020.000,96.000,1.980,3.110
4020.000,97.000,1.330,2.570
4020.000,98.000,3.620,1.190
4020.000,99.000,3.430,-3.630
4020.000,100.000,2.650,-7.640
4020.000,101.000,1.250,-8.130
4020.000,102.000,1.370,-9.200
4030.000,96.000,1.860,2.780
4030.000,97.000,1.340,2.200
4030.000,98.000,3.710,0.790
4030.000,99.000,3.440,-3.090
4030.000,100.000,2.380,-6.990
4030.000,101.000,1.250,-8.130
4030.000,102.000,1.380,-9.180
4040.000,96.000,1.830,2.430
4040.000,97.000,1.320,1.840
4040.000,98.000,3.800,0.520
4040.000,99.000,3.410,-2.580
4040.000,100.000,2.080,-6.340
4040.000,101.000,1.310,-8.200
4040.000,102.000,1.380,-9.180
4050.000,96.000,1.860,2.070
4050.000,97.000,1.310,1.450
4050.000,98.000,3.820,0.430
4050.000,99.000,3.310,-2.060
4050.000,100.000,1.790,-5.740
4050.000,101.000,1.360,-8.290
4050.000,102.000,1.380,-9.180
4060.000,96.000,1.800,1.700
4060.000,97.000,1.240,1.040
4060.000,98.000,3.820,0.370
4060.000,99.000,3.280,-1.540
4060.000,100.000,1.520,-5.090
4060.000,101.000,1.370,-8.310
4060.000,102.000,1.380,-9.180
4070.000,96.000,1.810,1.320
4070.000,97.000,1.160,0.670
4070.000,98.000,3.820,0.340
4070.000,99.000,3.220,-1.060
4070.000,100.000,1.240,-4.500
4070.000,101.000,1.370,-8.310
4070.000,102.000,1.380,-9.180
4080.000,96.000,1.850,0.940
4080.000,97.000,1.060,0.210
4080.000,98.000,3.820,0.250
4080.000,99.000,3.140,-0.560
4080.000,100.000,0.970,-3.910
4080.000,101.000,1.370,-8.310
4080.000,102.000,1.380,-9.180
4090.000,96.000,1.840,0.480
4090.000,97.000,1.030,-0.230
4090.000,98.000,3.820,0.250
4090.000,99.000,3.130,0.020
4090.000,100.000,0.680,-3.300
4090.000,101.000,1.370,-8.310
4090.000,102.000,1.380,-9.180
4100.000,96.000,1.860,0.010
4100.000,97.000,1.030,-0.590
4100.000,98.000,3.820,0.250
4100.000,99.000,3.100,0.540
4100.000,100.000,0.390,-2.730
4100.000,101.000,1.370,-8.310
4100.000,102.000,1.380,-9.180
4110.000,96.000,1.900,-0.500
4110.000,97.000,1.040,-1.030
4110.000,98.000,3.820,0.250
4110.000,99.000,3.170,1.020
4110.000,100.000,0.100,-2.150
4110.000,101.000,1.370,-8.310
4110.000,102.000,1.380,-9.180
4120.000,96.000,1.860,-0.920
4120.000,97.000,1.010,-1.610
4120.000,98.000,3.820,0.250
4120.000,99.000,3.220,1.480
4120.000,100.000,-0.210,-1.620
4120.000,101.000,1.380,-8.320
4120.000,102.000,1.380,-9.180
4130.000,96.000,1.900,-1.470
4130.000,97.000,1.050,-2.070
4130.000,98.000,3.820,0.280
4130.000,99.000,3.220,2.000
4130.000,100.000,-0.570,-1.120
4130.000,101.000,1.390,-8.320
4130.000,102.000,1.380,-9.180
4140.000,96.000,1.920,-1.940
4140.000,97.000,1.100,-2.520
4140.000,100.000,-0.880,-0.670
4140.000,101.000,1.390,-8.320
4140.000,102.000,1.380,-9.180
4150.000,96.000,1.870,-2.410
4150.000,97.000,1.170,-2.990
4150.000,100.000,-1.250,-0.360
4150.000,101.000,1.390,-8.320
4150.000,102.000,1.380,-9.180
4160.000,96.000,1.950,-2.910
4160.000,97.000,1.240,-3.420
4160.000,100.000,-1.550,0.040
4160.000,101.000,1.390,-8.320
4160.000,102.000,1.380,-9.180
4170.000,96.000,1.990,-3.400
4170.000,97.000,1.320,-4.010
4170.000,100.000,-1.840,0.490
4170.000,101.000,1.390,-8.320
4170.000,102.000,1.380,-9.180
4180.000,96.000,1.960,-3.890
4180.000,97.000,1.330,-4.470
4180.000,101.000,1.390,-8.320
4180.000,102.000,1.380,-9.180
4190.000,96.000,2.070,-4.380
4190.000,97.000,1.430,-4.960
4190.000,101.000,1.390,-8.320
4190.000,102.000,1.380,-9.180
4200.000,96.000,2.120,-4.880
4200.000,97.000,1.450,-5.400
4200.000,101.000,1.390,-8.320
4200.000,102.000,1.380,-9.180
4210.000,96.000,2.160,-5.350
4210.000,97.000,1.490,-5.880
4210.000,101.000,1.390,-8.320
4210.000,102.000,1.380,-9.180
4220.000,96.000,2.350,-5.820
4220.000,97.000,1.660,-6.360
4220.000,101.000,1.390,-8.320
4220.000,102.000,1.380,-9.180
4230.000,96.000,2.450,-6.300
4230.000,97.000,1.860,-6.800
4230.000,101.000,1.390,-8.320
4230.000,102.000,1.380,-9.180
4240.000,96.000,2.510,-6.750
4240.000,97.000,1.950,-7.260
4240.000,101.000,1.390,-8.320
4240.000,102.000,1.380,-9.180
4240.000,103.000,3.920,-8.420
4250.000,96.000,2.680,-7.200
4250.000,97.000,2.170,-7.810
4250.000,101.000,1.390,-8.320
4250.000,102.000,1.380,-9.180
4250.000,103.000,3.700,-7.770
4260.000,96.000,2.690,-7.620
4260.000,97.000,2.320,-8.250
4260.000,101.000,1.390,-8.320
4260.000,102.000,1.410,-9.180
4260.000,103.000,3.680,-7.090
4430.000,104.000,1.340,-9.220
4430.000,105.000,1.370,-8.270
4430.000,106.000,2.590,-9.520
4430.000,107.000,3.280,-9.490
4440.000,104.000,1.340,-9.220
4440.000,105.000,1.370,-8.270
4440.000,106.000,2.620,-9.360
4440.000,107.000,3.300,-9.350
4450.000,104.000,1.340,-9.220
4450.000,105.000,1.370,-8.270
4450.000,106.000,2.610,-9.170
4450.000,107.000,3.300,-9.160
4460.000,104.000,1.340,-9.220
4460.000,105.000,1.370,-8.270
4460.000,106.000,2.530,-8.930
4460.000,107.000,3.280,-8.910
4470.000,104.000,1.340,-9.220
4470.000,105.000,1.370,-8.270
4470.000,106.000,2.480,-8.740
4470.000,107.000,3.250,-8.710
4480.000,104.000,1.340,-9.200
4480.000,105.000,1.370,-8.270
4480.000,106.000,2.490,-8.470
4480.000,107.000,3.230,-8.450
4490.000,104.000,1.340,-9.200
4490.000,105.000,1.370,-8.270
4490.000,106.000,2.510,-8.260
4490.000,107.000,3.220,-8.290
4490.000,108.000,3.790,-3.580
4500.000,104.000,1.340,-9.200
4500.000,105.000,1.370,-8.270
4500.000,106.000,2.460,-8.030
4500.000,107.000,3.090,-7.980
4500.000,108.000,3.790,-4.260
4510.000,104.000,1.340,-9.220
4510.000,105.000,1.370,-8.270
4510.000,106.000,2.350,-7.780
4510.000,107.000,3.130,-7.790
4510.000,108.000,3.830,-4.980
4510.000,109.000,2.800,2.270
4520.000,104.000,1.340,-9.220
4520.000,105.000,1.370,-8.270
4520.000,106.000,2.300,-7.570
4520.000,107.000,3.120,-7.590
4520.000,108.000,3.800,-5.780
4520.000,109.000,2.900,1.780
4530.000,104.000,1.340,-9.220
4530.000,105.000,1.370,-8.270
4530.000,106.000,2.290,-7.320
4530.000,107.000,3.010,-7.330
4530.000,108.000,3.860,-6.440
4530.000,109.000,3.020,1.310
4540.000,104.000,1.340,-9.220
4540.000,105.000,1.370,-8.270
4540.000,106.000,2.290,-7.110
4540.000,107.000,2.960,-7.110
4540.000,108.000,3.870,-7.120
4540.000,109.000,3.120,0.880
4550.000,104.000,1.340,-9.220
4550.000,105.000,1.370,-8.270
4550.000,106.000,2.190,-6.820
4550.000,107.000,2.860,-6.810
4550.000,109.000,3.270,0.430
4560.000,104.000,1.340,-9.220
4560.000,105.000,1.370,-8.270
4560.000,106.000,2.050,-6.540
4560.000,107.000,2.800,-6.560
4560.000,109.000,3.420,0.080
4570.000,104.000,1.340,-9.220
4570.000,105.000,1.370,-8.270
4570.000,106.000,2.100,-6.270
4570.000,107.000,2.780,-6.340
4570.000,109.000,3.530,-0.260
4570.000,110.000,2.560,2.430
4580.000,104.000,1.340,-9.220
4580.000,105.000,1.370,-8.270
4580.000,106.000,2.150,-6.070
4580.000,107.000,2.810,-6.180
4580.000,110.000,2.450,1.830
4590.000,104.000,1.340,-9.200
4590.000,105.000,1.370,-8.270
4590.000,106.000,2.110,-5.760
4590.000,107.000,2.740,-5.890
4590.000,110.000,2.510,1.230
4600.000,104.000,1.320,-9.200
4600.000,105.000,1.370,-8.270
4600.000,106.000,2.030,-5.490
4600.000,107.000,2.680,-5.640
4600.000,110.000,2.540,0.620
4610.000,104.000,1.300,-9.180
4610.000,105.000,1.370,-8.270
4610.000,106.000,2.040,-5.280
4610.000,107.000,2.710,-5.340
4610.000,110.000,2.560,-0.010
4620.000,104.000,1.290,-9.160
4620.000,105.000,1.370,-8.270
4620.000,106.000,2.100,-5.030
4620.000,107.000,2.700,-5.130
4620.000,110.000,2.660,-0.620
4630.000,104.000,1.270,-9.160
4630.000,105.000,1.370,-8.270
4630.000,106.000,2.120,-4.830
4630.000,107.000,2.710,-4.910
4630.000,110.000,2.630,-1.220
4640.000,104.000,1.210,-9.240
4640.000,105.000,1.370,-8.270
4640.000,106.000,2.030,-4.550
4640.000,107.000,2.690,-4.740
4640.000,110.000,2.800,-1.860
4650.000,104.000,1.140,-9.230
4650.000,105.000,1.370,-8.270
4650.000,106.000,1.980,-4.340
4650.000,107.000,2.680,-4.500
4650.000,110.000,2.870,-2.510
4660.000,104.000,1.110,-9.230
4660.000,105.000,1.370,-8.270
4660.000,106.000,2.020,-4.140
4660.000,107.000,2.650,-4.240
4660.000,110.000,3.040,-3.160
4670.000,104.000,1.090,-9.230
4670.000,105.000,1.370,-8.270
4670.000,106.000,2.050,-3.980
4670.000,107.000,2.650,-4.070
4670.000,110.000,3.190,-3.830
4680.000,104.000,1.130,-9.190
4680.000,105.000,1.370,-8.270
4680.000,106.000,1.970,-3.740
4680.000,107.000,2.580,-3.830
4680.000,110.000,3.170,-4.510
4690.000,104.000,1.200,-9.120
4690.000,105.000,1.370,-8.270
4690.000,106.000,1.850,-3.510
4690.000,107.000,2.490,-3.600
4690.000,110.000,3.260,-5.190
4690.000,112.000,3.720,-8.770
4700.000,104.000,1.360,-9.230
4700.000,105.000,1.370,-8.270
4700.000,106.000,1.850,-3.310
4700.000,107.000,2.490,-3.400
4700.000,110.000,3.080,-5.830
4700.000,112.000,3.710,-8.180
4710.000,104.000,1.400,-9.280
4710.000,105.000,1.370,-8.270
4710.000,106.000,1.910,-3.080
4710.000,107.000,2.530,-3.170
4710.000,110.000,3.030,-6.510
4710.000,112.000,3.720,-7.630
4720.000,104.000,1.400,-9.360
4720.000,105.000,1.370,-8.270
4720.000,106.000,1.940,-2.920
4720.000,107.000,2.560,-3.010
4720.000,110.000,2.830,-7.180
4720.000,112.000,3.730,-7.060
4730.000,104.000,1.370,-9.310
4730.000,105.000,1.370,-8.270
4730.000,106.000,1.890,-2.660
4730.000,107.000,2.510,-2.770
4730.000,110.000,2.710,-7.870
4730.000,112.000,3.570,-6.410
4740.000,104.000,1.370,-9.320
4740.000,105.000,1.370,-8.270
4740.000,106.000,1.830,-2.430
4740.000,107.000,2.450,-2.530
4740.000,110.000,2.630,-8.540
4740.000,112.000,3.440,-5.730
4750.000,104.000,1.320,-9.340
4750.000,105.000,1.370,-8.270
4750.000,106.000,1.870,-2.200
4750.000,107.000,2.470,-2.300
4750.000,110.000,2.410,-9.170
4750.000,112.000,3.410,-5.190
4760.000,104.000,1.390,-9.340
4760.000,105.000,1.330,-8.340
4760.000,106.000,1.950,-1.970
4760.000,107.000,2.550,-2.070
4760.000,110.000,2.390,-9.840
4760.000,112.000,3.290,-4.500
4770.000,104.000,1.400,-9.340
4770.000,105.000,1.360,-8.370
4770.000,106.000,1.970,-1.790
4770.000,107.000,2.570,-1.890
4770.000,112.000,3.430,-3.810
4780.000,104.000,1.420,-9.290
4780.000,105.000,1.370,-8.320
4780.000,106.000,1.880,-1.550
4780.000,107.000,2.500,-1.650
4780.000,112.000,3.390,-3.170
4790.000,104.000,1.410,-9.280
4790.000,105.000,1.370,-8.280
4790.000,106.000,1.830,-1.360
4790.000,107.000,2.450,-1.460
4790.000,112.000,3.390,-2.530
4800.000,104.000,1.420,-9.280
4800.000,105.000,1.370,-8.270
4800.000,106.000,1.870,-1.160
4800.000,107.000,2.470,-1.250
4800.000,112.000,3.470,-1.840
4810.000,104.000,1.410,-9.270
4810.000,105.000,1.370,-8.270
4810.000,106.000,1.920,-0.950
4810.000,107.000,2.520,-1.040
4810.000,112.000,3.440,-1.240
4820.000,104.000,1.430,-9.260
4820.000,105.000,1.370,-8.270
4820.000,106.000,1.910,-0.680
4820.000,107.000,2.580,-0.690
4820.000,112.000,3.500,-0.680
4830.000,104.000,1.410,-9.230
4830.000,105.000,1.370,-8.270
4830.000,106.000,1.830,-0.410
4830.000,107.000,2.570,-0.590
4830.000,112.000,3.530,-0.120
4840.000,104.000,1.440,-9.260
4840.000,105.000,1.370,-8.270
4840.000,106.000,1.770,-0.230
4840.000,107.000,2.540,-0.410
4840.000,112.000,3.490,0.420
4850.000,104.000,1.430,-9.250
4850.000,105.000,1.350,-8.270
4850.000,106.000,1.770,-0.060
4850.000,107.000,2.500,-0.190
4850.000,112.000,3.530,0.900
4860.000,104.000,1.430,-9.280
4860.000,105.000,1.330,-8.270
4860.000,106.000,1.810,0.130
4860.000,107.000,2.500,-0.060
4860.000,112.000,3.550,1.300
4870.000,104.000,1.410,-9.270
4870.000,105.000,1.330,-8.270
4870.000,106.000,1.800,0.350
4870.000,107.000,2.500,0.150
4870.000,112.000,3.420,1.750
4880.000,104.000,1.380,-9.240
4880.000,105.000,1.330,-8.340
4880.000,106.000,1.770,0.540
4880.000,107.000,2.510,0.310
4880.000,112.000,3.410,2.240
4890.000,104.000,1.360,-9.240
4890.000,105.000,1.350,-8.280
4890.000,106.000,1.760,0.690
4890.000,107.000,2.470,0.530
4890.000,112.000,3.450,2.710
4900.000,104.000,1.290,-9.240
4900.000,105.000,1.350,-8.270
4900.000,106.000,1.820,0.870
4900.000,107.000,2.430,0.750
4900.000,112.000,3.420,3.270
4910.000,104.000,1.380,-9.280
4910.000,105.000,1.380,-8.350
4910.000,106.000,1.900,1.050
4910.000,107.000,2.400,0.950
4920.000,104.000,1.360,-9.240
4920.000,105.000,1.350,-8.280
4920.000,106.000,1.930,1.210
4920.000,107.000,2.380,1.230
4930.000,104.000,1.350,-9.260
4930.000,105.000,1.350,-8.270
4930.000,106.000,1.880,1.470
4930.000,107.000,2.340,1.460
4940.000,104.000,1.310,-9.190
4940.000,105.000,1.350,-8.270
4940.000,106.000,1.850,1.680
4940.000,107.000,2.310,1.640
4950.000,104.000,1.300,-9.180
4950.000,105.000,1.350,-8.270
4950.000,106.000,1.880,1.890
4950.000,107.000,2.330,1.850
4960.000,104.000,1.300,-9.180
4960.000,105.000,1.350,-8.270
4960.000,106.000,1.910,2.080
4960.000,107.000,2.360,2.040
4970.000,104.000,1.300,-9.180
4970.000,105.000,1.330,-8.290
4970.000,106.000,1.900,2.260
4970.000,107.000,2.360,2.220
4980.000,104.000,1.300,-9.180
4980.000,105.000,1.310,-8.290
4980.000,106.000,1.830,2.510
4980.000,107.000,2.450,2.420
4990.000,104.000,1.300,-9.180
4990.000,105.000,1.230,-8.230
4990.000,106.000,1.800,2.680
4990.000,107.000,2.470,2.600
5000.000,104.000,1.300,-9.180
5000.000,105.000,1.170,-8.260
5000.000,106.000,1.790,2.910
5000.000,107.000,2.460,2.830
5010.000,104.000,1.330,-9.250
5010.000,105.000,1.130,-8.220
5010.000,106.000,1.760,3.100
5010.000,107.000,2.460,3.010
5240.000,113.000,2.600,-4.180
5240.000,114.000,1.590,-4.090
5240.000,115.000,-0.410,0.660
5240.000,116.000,-1.970,0.450
5240.000,117.000,-1.470,-3.140
5250.000,113.000,2.560,-3.840
5250.000,114.000,1.520,-3.760
5250.000,115.000,-0.630,0.150
5250.000,116.000,-1.970,0.450
5250.000,117.000,-1.470,-3.140
5260.000,113.000,2.440,-3.440
5260.000,114.000,1.510,-3.390
5260.000,115.000,-0.890,-0.310
5260.000,116.000,-1.970,0.450
5260.000,117.000,-1.470,-3.140
5270.000,113.000,2.420,-3.090
5270.000,114.000,1.480,-3.040
5270.000,115.000,-1.120,-0.850
5270.000,116.000,-1.970,0.450
5270.000,117.000,-1.470,-3.140
5280.000,113.000,2.420,-2.680
5280.000,114.000,1.380,-2.620
5280.000,115.000,-1.320,-1.320
5280.000,116.000,-1.970,0.450
5280.000,117.000,-1.360,-3.100
5290.000,113.000,2.400,-2.370
5290.000,114.000,1.350,-2.250
5290.000,115.000,-1.610,-1.850
5290.000,116.000,-1.970,0.450
5290.000,117.000,-1.240,-3.140
5300.000,113.000,2.320,-1.990
5300.000,114.000,1.410,-1.840
5300.000,115.000,-1.790,-2.410
5300.000,116.000,-1.950,0.450
5300.000,117.000,-1.270,-3.140
5310.000,113.000,2.330,-1.620
5310.000,114.000,1.400,-1.440
5310.000,115.000,-1.890,-2.970
5310.000,116.000,-1.950,0.450
5310.000,117.000,-1.250,-3.110
5320.000,113.000,2.370,-1.210
5320.000,114.000,1.330,-1.030
5320.000,115.000,-1.880,-3.540
5320.000,116.000,-1.950,0.450
5320.000,117.000,-1.220,-3.140
5330.000,113.000,2.340,-0.830
5330.000,114.000,1.380,-0.710
5330.000,115.000,-2.120,-4.070
5330.000,116.000,-1.950,0.450
5330.000,117.000,-1.280,-3.140
5340.000,113.000,2.190,-0.380
5340.000,114.000,1.430,-0.340
5340.000,115.000,-2.290,-4.670
5340.000,116.000,-1.950,0.450
5340.000,117.000,-1.220,-3.090
5350.000,113.000,2.250,0.060
5350.000,114.000,1.410,0.040
5350.000,115.000,-2.080,-5.220
5350.000,116.000,-1.950,0.450
5350.000,117.000,-1.210,-3.090
5360.000,113.000,2.230,0.430
5360.000,114.000,1.320,0.390
5360.000,115.000,-2.090,-5.800
5360.000,116.000,-1.950,0.450
5360.000,117.000,-1.160,-3.110
5370.000,113.000,2.100,0.880
5370.000,114.000,1.330,0.750
5370.000,115.000,-2.050,-6.420
5370.000,116.000,-1.950,0.450
5370.000,117.000,-1.350,-3.110
5680.000,118.000,2.390,-0.560
5680.000,119.000,1.300,3.750
5680.000,120.000,0.590,3.300
5680.000,122.000,2.700,-8.140
5690.000,118.000,2.540,0.030
5690.000,119.000,1.230,3.210
5690.000,120.000,0.580,2.800
5690.000,122.000,2.780,-7.370
5700.000,118.000,2.580,0.660
5700.000,119.000,1.250,2.680
5700.000,120.000,0.520,2.250
5700.000,122.000,2.790,-6.600
5710.000,118.000,2.730,1.270
5710.000,119.000,1.240,2.150
5710.000,120.000,0.570,1.700
5710.000,122.000,2.770,-5.790
5720.000,118.000,2.820,1.850
5720.000,119.000,1.230,1.650
5720.000,120.000,0.580,1.190
5720.000,122.000,2.820,-5.000
5730.000,118.000,2.790,2.460
5730.000,119.000,1.210,1.030
5730.000,120.000,0.570,0.640
5730.000,122.000,2.830,-4.190
5740.000,119.000,1.230,0.420
5740.000,120.000,0.640,0.060
5740.000,122.000,2.890,-3.370
5750.000,119.000,1.290,-0.060
5750.000,120.000,0.640,-0.430
5750.000,122.000,2.880,-2.580
5760.000,119.000,1.320,-0.610
5760.000,120.000,0.620,-0.920
5760.000,122.000,2.790,-1.710
5770.000,119.000,1.380,-1.180
5770.000,120.000,0.690,-1.440
5770.000,122.000,2.810,-0.860
5780.000,119.000,1.470,-1.860
5780.000,120.000,0.790,-2.020
5780.000,122.000,2.750,-0.100
5790.000,119.000,1.530,-2.460
5790.000,120.000,0.800,-2.610
5790.000,122.000,2.730,0.670
5800.000,119.000,1.730,-3.040
5800.000,120.000,1.020,-3.240
5800.000,122.000,2.690,1.410
5810.000,119.000,1.830,-3.680
5810.000,120.000,1.070,-3.840
5810.000,122.000,2.680,2.150
5820.000,119.000,1.950,-4.210
5820.000,120.000,1.230,-4.440
5820.000,123.000,1.340,-8.380
5820.000,124.000,1.450,-9.230
5830.000,119.000,2.070,-4.790
5830.000,120.000,1.400,-5.040
5830.000,123.000,1.430,-8.320
5830.000,124.000,1.450,-9.230
5840.000,119.000,2.240,-5.450
5840.000,120.000,1.550,-5.730
5840.000,123.000,1.440,-8.320
5840.000,124.000,1.450,-9.230
5850.000,119.000,2.370,-5.910
5850.000,120.000,1.710,-6.240
5850.000,123.000,1.440,-8.320
5850.000,124.000,1.450,-9.230
5860.000,119.000,2.580,-6.610
5860.000,120.000,1.860,-6.840
5860.000,123.000,1.440,-8.320
5860.000,124.000,1.450,-9.230
5870.000,119.000,2.680,-7.260
5870.000,120.000,1.930,-7.380
5870.000,123.000,1.440,-8.320
5870.000,124.000,1.450,-9.230
5880.000,119.000,2.860,-7.870
5880.000,120.000,2.140,-8.040
5880.000,123.000,1.440,-8.320
5880.000,124.000,1.450,-9.230
5890.000,119.000,2.960,-8.470
5890.000,120.000,2.260,-8.630
5890.000,123.000,1.380,-8.310
5890.000,124.000,1.450,-9.230
5900.000,119.000,3.130,-9.200
5900.000,120.000,2.240,-9.240
5900.000,123.000,1.420,-8.300
5900.000,124.000,1.450,-9.230
6320.000,125.000,2.720,-5.630
6320.000,126.000,3.790,-4.900
6320.000,127.000,2.680,-1.360
6330.000,125.000,2.660,-5.150
6330.000,126.000,3.890,-4.250
6330.000,127.000,2.450,-1.230
6340.000,125.000,2.670,-4.690
6340.000,126.000,3.920,-3.490
6340.000,127.000,2.280,-1.040
6350.000,125.000,2.730,-4.230
6350.000,126.000,3.960,-2.800
6350.000,127.000,2.170,-0.810
6360.000,125.000,2.740,-3.740
6360.000,126.000,4.060,-2.130
6360.000,127.000,2.080,-0.690
6370.000,125.000,2.880,-3.280
6370.000,126.000,3.990,-1.390
6370.000,127.000,1.910,-0.560
6380.000,125.000,3.130,-2.780
6380.000,127.000,1.720,-0.400
6390.000,125.000,3.310,-2.270
6390.000,127.000,1.590,-0.260
6400.000,127.000,1.480,-0.040
6410.000,127.000,1.410,0.100
6420.000,127.000,1.310,0.240
6430.000,127.000,1.180,0.430
6440.000,127.000,1.090,0.550
6680.000,128.000,1.860,0.380
6690.000,128.000,1.860,-0.320
6700.000,128.000,1.960,-1.040
6710.000,128.000,2.000,-1.760
6710.000,129.000,3.700,-2.880
6710.000,130.000,3.590,-4.850
6710.000,131.000,0.300,1.670
6720.000,128.000,2.000,-2.430
6720.000,129.000,3.560,-2.610
6720.000,130.000,3.330,-4.130
6720.000,131.000,0.200,1.280
6730.000,128.000,2.120,-3.170
6730.000,129.000,3.490,-2.280
6730.000,130.000,3.110,-3.400
6730.000,131.000,0.050,0.920
6740.000,128.000,2.170,-3.930
6740.000,129.000,3.400,-2.040
6740.000,130.000,2.730,-2.760
6740.000,131.000,-0.090,0.560
6750.000,128.000,2.290,-4.750
6750.000,129.000,3.260,-1.820
6750.000,130.000,2.410,-2.110
6750.000,131.000,-0.190,0.240
6760.000,129.000,3.190,-1.630
6760.000,130.000,2.030,-1.480
6760.000,131.000,-0.250,-0.110
6760.000,132.000,1.830,2.080
6770.000,129.000,3.120,-1.470
6770.000,130.000,1.620,-0.870
6770.000,131.000,-0.290,-0.450
6770.000,132.000,1.780,1.450
6780.000,129.000,3.100,-1.430
6780.000,130.000,1.330,-0.230
6780.000,131.000,-0.300,-0.780
6780.000,132.000,1.880,0.790
6780.000,133.000,-1.350,-1.090
6780.000,134.000,-1.940,0.500
6790.000,130.000,1.060,0.390
6790.000,131.000,-0.250,-1.150
6790.000,132.000,1.920,0.160
6790.000,133.000,-1.320,-0.930
6790.000,134.000,-1.830,0.960
6790.000,136.000,3.140,-1.410
6800.000,130.000,0.980,0.980
6800.000,131.000,-0.220,-1.500
6800.000,132.000,1.940,-0.490
6800.000,133.000,-1.340,-0.710
6800.000,134.000,-1.710,1.380
6800.000,136.000,3.150,-1.430
6800.000,137.000,3.290,-3.010
6810.000,130.000,0.980,1.560
6810.000,131.000,-0.260,-1.840
6810.000,132.000,2.050,-1.140
6810.000,133.000,-1.390,-0.480
6810.000,134.000,-1.670,1.820
6810.000,136.000,3.170,-1.460
6810.000,137.000,3.080,-3.480
6820.000,131.000,-0.370,-2.190
6820.000,132.000,2.060,-1.800
6820.000,133.000,-1.370,-0.380
6820.000,134.000,-1.540,2.210
6820.000,136.000,3.170,-1.490
6820.000,137.000,2.860,-3.930
6830.000,131.000,-0.570,-2.550
6830.000,132.000,2.210,-2.470
6830.000,133.000,-1.240,-0.280
6830.000,136.000,3.180,-1.520
6830.000,137.000,2.610,-4.340
6840.000,131.000,-0.810,-2.720
6840.000,132.000,2.280,-3.080
6840.000,133.000,-1.090,-0.180
6840.000,136.000,3.200,-1.520
6840.000,137.000,2.430,-4.790
6840.000,138.000,1.400,-8.320
6840.000,139.000,1.230,-9.320
6850.000,131.000,-1.010,-2.900
6850.000,132.000,2.350,-3.750
6850.000,133.000,-1.050,-0.050
6850.000,136.000,3.200,-1.540
6850.000,137.000,2.260,-5.220
6850.000,138.000,1.420,-8.320
6850.000,139.000,1.270,-9.300
6860.000,131.000,-1.210,-3.140
6860.000,132.000,2.570,-4.420
6860.000,133.000,-1.060,0.170
6860.000,136.000,3.190,-1.560
6860.000,137.000,2.100,-5.620
6860.000,138.000,1.440,-8.320
6860.000,139.000,1.290,-9.280
6870.000,131.000,-1.390,-3.320
6870.000,132.000,2.720,-5.080
6870.000,136.000,3.180,-1.560
6870.000,137.000,2.080,-6.080
6870.000,138.000,1.440,-8.320
6870.000,139.000,1.280,-9.280
6870.000,140.000,2.000,2.070
6870.000,141.000,2.610,3.320
6880.000,132.000,2.960,-5.920
6880.000,136.000,3.180,-1.560
6880.000,137.000,2.130,-6.500
6880.000,138.000,1.440,-8.320
6880.000,139.000,1.280,-9.290
6880.000,140.000,1.950,1.410
6880.000,141.000,2.650,2.700
6890.000,132.000,3.160,-6.580
6890.000,136.000,3.190,-1.540
6890.000,137.000,2.110,-6.970
6890.000,138.000,1.480,-8.250
6890.000,139.000,1.260,-9.280
6890.000,140.000,1.970,0.630
6890.000,141.000,2.590,2.110
6890.000,142.000,0.600,-9.340
6890.000,143.000,0.090,-9.200
6890.000,144.000,0.010,-6.930
6900.000,132.000,3.260,-7.330
6900.000,136.000,3.170,-1.520
6900.000,137.000,2.170,-7.440
6900.000,138.000,1.480,-8.260
6900.000,139.000,1.190,-9.270
6900.000,140.000,2.050,-0.020
6900.000,141.000,2.490,1.550
6900.000,142.000,0.600,-8.960
6900.000,143.000,0.090,-8.790
6900.000,144.000,0.010,-6.930
6910.000,132.000,3.420,-8.070
6910.000,136.000,3.150,-1.500
6910.000,137.000,2.220,-7.880
6910.000,138.000,1.480,-8.260
6910.000,139.000,1.220,-9.270
6910.000,140.000,2.000,-0.660
6910.000,141.000,2.430,0.950
6910.000,142.000,0.590,-8.500
6910.000,143.000,0.100,-8.320
6910.000,144.000,0.010,-6.930
6920.000,132.000,3.420,-8.840
6920.000,136.000,3.150,-1.490
6920.000,137.000,2.230,-8.430
6920.000,138.000,1.410,-8.270
6920.000,139.000,1.250,-9.290
6920.000,140.000,2.090,-1.340
6920.000,141.000,2.320,0.380
6920.000,142.000,0.820,-7.990
6920.000,143.000,0.300,-7.810
6920.000,144.000,-0.140,-6.840
6930.000,132.000,3.480,-9.630
6930.000,136.000,3.170,-1.500
6930.000,137.000,2.320,-8.870
6930.000,138.000,1.390,-8.310
6930.000,139.000,1.290,-9.300
6930.000,140.000,2.050,-1.980
6930.000,141.000,2.290,-0.320
6930.000,142.000,0.990,-7.510
6930.000,143.000,0.450,-7.330
6930.000,144.000,-0.230,-6.900
6940.000,136.000,3.180,-1.520
6940.000,138.000,1.370,-8.330
6940.000,139.000,1.310,-9.300
6940.000,140.000,2.110,-2.690
6940.000,141.000,2.250,-0.950
6940.000,142.000,1.210,-7.030
6940.000,143.000,0.490,-6.760
6940.000,144.000,-0.290,-6.790
6950.000,136.000,3.180,-1.550
6950.000,138.000,1.380,-8.320
6950.000,139.000,1.310,-9.300
6950.000,140.000,2.230,-3.370
6950.000,141.000,2.240,-1.530
6950.000,142.000,1.310,-6.530
6950.000,143.000,0.570,-6.280
6950.000,144.000,-0.260,-6.820
6960.000,136.000,3.200,-1.590
6960.000,138.000,1.420,-8.340
6960.000,139.000,1.310,-9.300
6960.000,140.000,2.310,-4.120
6960.000,141.000,2.310,-2.100
6960.000,142.000,1.280,-6.020
6960.000,143.000,0.620,-5.820
6960.000,144.000,-0.260,-6.810
6970.000,136.000,3.220,-1.600
6970.000,138.000,1.410,-8.320
6970.000,139.000,1.310,-9.300
6970.000,140.000,2.450,-4.800
6970.000,141.000,2.390,-2.700
6970.000,142.000,1.330,-5.350
6970.000,143.000,0.650,-5.270
6970.000,144.000,-0.240,-6.900
6970.000,145.000,2.460,2.980
6970.000,146.000,2.210,-9.270
6980.000,136.000,3.230,-1.600
6980.000,138.000,1.390,-8.330
6980.000,139.000,1.310,-9.300
6980.000,140.000,2.510,-5.490
6980.000,141.000,2.420,-3.440
6980.000,142.000,1.370,-4.860
6980.000,143.000,0.660,-4.780
6980.000,144.000,-0.330,-6.830
6980.000,145.000,2.510,2.450
6980.000,146.000,2.210,-8.780
6980.000,147.000,3.730,-6.760
6990.000,136.000,3.250,-1.610
6990.000,138.000,1.350,-8.350
6990.000,139.000,1.310,-9.300
6990.000,140.000,2.620,-6.130
6990.000,141.000,2.520,-4.150
6990.000,142.000,1.320,-4.330
6990.000,143.000,0.730,-4.230
6990.000,144.000,-0.250,-6.900
6990.000,145.000,2.600,1.900
6990.000,146.000,2.110,-8.200
6990.000,147.000,3.720,-6.890
7000.000,136.000,3.250,-1.620
7000.000,138.000,1.360,-8.370
7000.000,139.000,1.310,-9.300
7000.000,140.000,2.790,-6.810
7000.000,141.000,2.580,-4.830
7000.000,142.000,1.360,-3.720
7000.000,143.000,0.760,-3.680
7000.000,144.000,-0.240,-6.910
7000.000,145.000,2.660,1.360
7000.000,146.000,2.000,-7.570
7000.000,147.000,3.730,-6.800
7010.000,136.000,3.200,-1.640
7010.000,138.000,1.400,-8.320
7010.000,139.000,1.310,-9.300
7010.000,140.000,2.890,-7.490
7010.000,141.000,2.620,-5.490
7010.000,142.000,1.330,-3.160
7010.000,143.000,0.790,-3.220
7010.000,144.000,-0.240,-6.910
7010.000,145.000,2.680,0.840
7010.000,146.000,1.820,-6.960
7010.000,147.000,3.670,-6.470
7020.000,136.000,3.100,-1.620
7020.000,138.000,1.400,-8.390
7020.000,139.000,1.310,-9.300
7020.000,140.000,3.010,-8.190
7020.000,141.000,2.720,-6.150
7020.000,142.000,1.250,-2.600
7020.000,143.000,0.850,-2.710
7020.000,144.000,-0.240,-6.910
7020.000,145.000,2.690,0.310
7020.000,146.000,1.680,-6.280
7020.000,148.000,2.080,-9.650
7020.000,149.000,3.730,-6.030
7030.000,138.000,1.470,-8.290
7030.000,139.000,1.310,-9.300
7030.000,140.000,3.090,-8.850
7030.000,141.000,2.770,-6.840
7030.000,142.000,1.340,-2.050
7030.000,143.000,0.870,-2.170
7030.000,144.000,-0.240,-6.910
7030.000,145.000,2.530,-0.180
7030.000,146.000,1.550,-5.620
7030.000,148.000,2.210,-8.970
7030.000,149.000,3.820,-5.610
7030.000,150.000,2.970,-1.620
7040.000,138.000,1.410,-8.330
7040.000,139.000,1.310,-9.300
7040.000,140.000,2.980,-9.590
7040.000,141.000,2.930,-7.570
7040.000,142.000,1.450,-1.650
7040.000,143.000,0.810,-1.690
7040.000,144.000,-0.240,-6.910
7040.000,145.000,2.360,-0.610
7040.000,146.000,1.540,-4.960
7040.000,148.000,2.200,-8.130
7040.000,149.000,3.730,-4.960
7040.000,150.000,2.900,-1.710
7050.000,138.000,1.350,-8.330
7050.000,139.000,1.310,-9.300
7050.000,141.000,3.030,-8.290
7050.000,142.000,1.440,-1.120
7050.000,143.000,0.800,-1.130
7050.000,144.000,-0.240,-6.910
7050.000,145.000,2.170,-1.090
7050.000,146.000,1.520,-4.320
7050.000,148.000,2.160,-7.450
7050.000,149.000,3.790,-4.420
7050.000,150.000,2.830,-1.940
7060.000,138.000,1.470,-8.290
7060.000,139.000,1.310,-9.300
7060.000,142.000,1.410,-0.520
7060.000,143.000,0.700,-0.650
7060.000,144.000,-0.240,-6.910
7060.000,145.000,1.950,-1.560
7060.000,146.000,1.470,-3.670
7060.000,148.000,2.110,-6.720
7060.000,149.000,3.880,-3.850
7060.000,150.000,2.730,-2.110
7070.000,138.000,1.480,-8.280
7070.000,139.000,1.310,-9.300
7070.000,142.000,1.450,-0.110
7070.000,143.000,0.730,-0.140
7070.000,144.000,-0.240,-6.910
7070.000,145.000,1.850,-1.990
7070.000,146.000,1.420,-3.060
7070.000,148.000,1.960,-5.980
7070.000,149.000,3.800,-3.240
7070.000,150.000,2.530,-2.260
7080.000,138.000,1.480,-8.280
7080.000,139.000,1.310,-9.300
7080.000,142.000,1.380,0.420
7080.000,143.000,0.800,0.360
7080.000,144.000,-0.240,-6.910
7080.000,145.000,1.850,-2.540
7080.000,146.000,1.230,-2.440
7080.000,148.000,1.830,-5.290
7080.000,149.000,3.790,-2.720
7080.000,150.000,2.490,-2.400
7090.000,138.000,1.480,-8.280
7090.000,139.000,1.310,-9.300
7090.000,142.000,1.380,0.910
7090.000,143.000,0.810,0.820
7090.000,144.000,-0.240,-6.910
7090.000,145.000,1.820,-3.130
7090.000,146.000,1.210,-1.830
7090.000,148.000,1.640,-4.570
7090.000,149.000,3.730,-2.220
7090.000,150.000,2.430,-2.480
7100.000,138.000,1.400,-8.310
7100.000,139.000,1.310,-9.300
7100.000,142.000,1.410,1.440
7100.000,143.000,0.790,1.360
7100.000,144.000,-0.260,-6.870
7100.000,145.000,1.990,-3.670
7100.000,146.000,1.260,-1.240
7100.000,148.000,1.400,-3.870
7100.000,149.000,3.790,-1.750
7100.000,150.000,2.460,-2.560
7110.000,138.000,1.470,-8.280
7110.000,139.000,1.310,-9.300
7110.000,142.000,1.410,2.080
7110.000,143.000,0.870,1.960
7110.000,144.000,-0.240,-6.900
7110.000,145.000,2.100,-4.270
7110.000,146.000,1.310,-0.650
7110.000,148.000,1.280,-3.150
7110.000,149.000,3.740,-1.150
7110.000,150.000,2.370,-2.660
7120.000,138.000,1.340,-8.330
7120.000,139.000,1.310,-9.300
7120.000,142.000,1.430,2.450
7120.000,143.000,0.830,2.350
7120.000,144.000,-0.240,-6.830
7120.000,145.000,2.270,-4.960
7120.000,146.000,1.390,-0.040
7120.000,148.000,1.140,-2.350
7120.000,149.000,3.610,-0.540
7120.000,150.000,2.120,-2.790
7130.000,138.000,1.470,-8.290
7130.000,139.000,1.310,-9.300
7130.000,142.000,1.480,3.100
7130.000,143.000,0.810,2.850
7130.000,144.000,-0.240,-6.900
7130.000,145.000,2.440,-5.520
7130.000,146.000,1.490,0.630
7130.000,148.000,1.120,-1.720
7130.000,149.000,3.530,-0.030
7130.000,150.000,1.930,-2.920
7140.000,138.000,1.480,-8.280
7140.000,139.000,1.310,-9.300
7140.000,142.000,1.510,3.590
7140.000,143.000,0.890,3.310
7140.000,144.000,-0.240,-6.910
7140.000,145.000,2.530,-6.170
7140.000,146.000,1.590,1.170
7140.000,148.000,1.220,-1.030
7140.000,150.000,1.680,-3.130
7150.000,138.000,1.480,-8.280
7150.000,139.000,1.310,-9.300
7150.000,144.000,-0.240,-6.910
7150.000,145.000,2.570,-6.810
7150.000,146.000,1.680,1.740
7150.000,148.000,1.270,-0.300
7150.000,150.000,1.430,-3.280
7160.000,138.000,1.480,-8.280
7160.000,139.000,1.310,-9.300
7160.000,144.000,-0.240,-6.910
7160.000,145.000,2.590,-7.470
7160.000,150.000,1.180,-3.440
7170.000,138.000,1.480,-8.280
7170.000,139.000,1.310,-9.300
7170.000,144.000,-0.240,-6.910
7170.000,145.000,2.560,-8.120
7170.000,150.000,0.970,-3.610
7180.000,138.000,1.480,-8.280
7180.000,139.000,1.310,-9.300
7180.000,144.000,-0.240,-6.910
7180.000,145.000,2.560,-8.780
7180.000,150.000,0.780,-3.760
7180.000,152.000,-1.810,-4.140
7180.000,153.000,-1.940,-9.650
7190.000,138.000,1.480,-8.280
7190.000,139.000,1.310,-9.300
7190.000,144.000,-0.240,-6.910
7190.000,145.000,2.530,-9.400
7190.000,150.000,0.550,-3.820
7190.000,152.000,-1.810,-4.140
7190.000,153.000,-1.840,-9.320
7200.000,138.000,1.480,-8.280
7200.000,139.000,1.310,-9.300
7200.000,144.000,-0.240,-6.910
7200.000,150.000,0.320,-3.860
7200.000,152.000,-1.810,-4.140
7200.000,153.000,-1.820,-9.020
7210.000,138.000,1.480,-8.280
7210.000,139.000,1.310,-9.300
7210.000,144.000,-0.240,-6.910
7210.000,150.000,0.100,-3.950
7210.000,152.000,-1.810,-4.140
7210.000,153.000,-1.820,-8.820
7220.000,138.000,1.480,-8.280
7220.000,139.000,1.310,-9.300
7220.000,144.000,-0.240,-6.910
7220.000,150.000,-0.150,-4.080
7220.000,152.000,-1.810,-4.140
7220.000,153.000,-1.840,-8.690
7230.000,138.000,1.480,-8.280
7230.000,139.000,1.310,-9.300
7230.000,144.000,-0.240,-6.910
7230.000,150.000,-0.440,-4.160
7230.000,152.000,-1.810,-4.140
7230.000,153.000,-1.830,-8.620
7240.000,138.000,1.460,-8.280
7240.000,139.000,1.310,-9.300
7240.000,144.000,-0.240,-6.910
7240.000,150.000,-0.690,-4.280
7240.000,152.000,-1.810,-4.140
7240.000,153.000,-1.830,-8.620
7250.000,138.000,1.380,-8.220
7250.000,139.000,1.310,-9.300
7250.000,144.000,-0.240,-6.910
7250.000,150.000,-0.810,-4.500
7250.000,152.000,-1.810,-4.140
7250.000,153.000,-1.830,-8.620
7260.000,138.000,1.310,-8.160
7260.000,139.000,1.310,-9.300
7260.000,144.000,-0.240,-6.910
7260.000,150.000,-1.080,-4.740
7260.000,152.000,-1.810,-4.140
7260.000,154.000,-1.830,-8.620
7270.000,138.000,1.320,-8.170
7270.000,139.000,1.310,-9.300
7270.000,150.000,-1.240,-4.900
7270.000,152.000,-1.810,-4.140
7270.000,154.000,-1.830,-8.600
7270.000,155.000,-0.410,-6.850
7280.000,138.000,1.350,-8.190
7280.000,139.000,1.310,-9.300
7280.000,150.000,-1.280,-5.020
7280.000,152.000,-1.810,-4.140
7280.000,154.000,-1.810,-8.600
7280.000,155.000,-0.410,-6.850
7290.000,138.000,1.340,-8.190
7290.000,139.000,1.310,-9.300
7290.000,150.000,-1.320,-5.100
7290.000,152.000,-1.810,-4.140
7290.000,154.000,-1.800,-8.620
7290.000,155.000,-0.620,-6.800
7300.000,138.000,1.320,-8.190
7300.000,139.000,1.310,-9.300
7300.000,150.000,-1.270,-5.290
7300.000,152.000,-1.810,-4.140
7300.000,154.000,-1.780,-8.640
7300.000,155.000,-0.640,-6.790
7310.000,138.000,1.300,-8.190
7310.000,139.000,1.310,-9.300
7320.000,138.000,1.300,-8.190
7320.000,139.000,1.310,-9.300
7330.000,138.000,1.300,-8.190
7330.000,139.000,1.310,-9.300
7340.000,138.000,1.300,-8.190
7340.000,139.000,1.310,-9.300
7350.000,138.000,1.300,-8.190
7350.000,139.000,1.310,-9.300
7360.000,138.000,1.300,-8.190
7360.000,139.000,1.310,-9.300
7370.000,138.000,1.280,-8.190
7370.000,139.000,1.310,-9.280
7480.000,156.000,1.420,-9.380
7480.000,157.000,2.250,-9.310
7480.000,158.000,3.340,-9.330
7480.000,159.000,2.080,-4.130
7490.000,156.000,1.450,-8.780
7490.000,157.000,2.170,-8.670
7490.000,158.000,3.430,-8.650
7490.000,159.000,2.080,-3.520
7500.000,156.000,1.460,-8.110
7500.000,157.000,2.120,-8.010
7500.000,158.000,3.470,-7.910
7500.000,159.000,2.030,-2.930
7510.000,156.000,1.340,-7.430
7510.000,157.000,2.040,-7.340
7510.000,158.000,3.580,-7.130
7510.000,159.000,1.930,-2.360
7520.000,156.000,1.360,-6.750
7520.000,157.000,2.050,-6.680
7520.000,158.000,3.540,-6.410
7520.000,159.000,1.920,-1.780
7520.000,160.000,2.270,-9.710
7530.000,156.000,1.470,-5.970
7530.000,157.000,2.110,-5.990
7530.000,158.000,3.460,-5.750
7530.000,159.000,1.850,-1.200
7530.000,160.000,2.290,-9.060
7540.000,156.000,1.450,-5.290
7540.000,157.000,2.060,-5.280
7540.000,158.000,3.370,-5.030
7540.000,159.000,1.780,-0.630
7540.000,160.000,2.310,-8.450
7550.000,156.000,1.450,-4.590
7550.000,157.000,2.080,-4.580
7550.000,158.000,3.300,-4.330
7550.000,159.000,1.760,-0.050
7550.000,160.000,2.280,-7.710
7560.000,156.000,1.380,-3.870
7560.000,157.000,2.130,-3.920
7560.000,158.000,3.190,-3.680
7560.000,159.000,1.670,0.550
7560.000,160.000,2.380,-6.920
7570.000,156.000,1.340,-3.200
7570.000,157.000,2.180,-3.240
7570.000,158.000,3.210,-3.000
7570.000,159.000,1.640,1.140
7570.000,160.000,2.390,-6.240
7570.000,161.000,-0.100,2.320
7570.000,162.000,3.440,2.520
7570.000,163.000,3.680,1.500
7580.000,156.000,1.240,-2.490
7580.000,157.000,2.160,-2.540
7580.000,158.000,3.140,-2.320
7580.000,159.000,1.550,1.710
7580.000,160.000,2.410,-5.510
7580.000,161.000,-0.080,2.320
7580.000,162.000,3.400,2.020
7580.000,163.000,3.770,1.020
7590.000,156.000,1.190,-1.820
7590.000,157.000,2.010,-1.810
7590.000,158.000,3.090,-1.700
7590.000,159.000,1.420,2.290
7590.000,160.000,2.360,-4.820
7590.000,161.000,-0.060,2.330
7590.000,162.000,3.560,1.540
7590.000,163.000,3.730,0.560
7600.000,156.000,1.270,-1.170
7600.000,157.000,1.970,-1.140
7600.000,158.000,3.020,-0.870
7600.000,159.000,1.350,2.870
7600.000,160.000,2.350,-4.090
7600.000,161.000,-0.060,2.330
7600.000,162.000,3.660,1.130
7600.000,163.000,3.740,-0.020
7610.000,156.000,1.320,-0.520
7610.000,157.000,1.890,-0.480
7610.000,158.000,2.830,-0.210
7610.000,159.000,1.200,3.490
7610.000,160.000,2.400,-3.370
7610.000,161.000,-0.060,2.330
7610.000,162.000,3.680,0.700
7610.000,163.000,3.810,-0.420
7620.000,156.000,1.320,0.110
7620.000,157.000,1.880,0.130
7620.000,158.000,2.810,0.420
7620.000,160.000,2.340,-2.630
7620.000,161.000,-0.060,2.330
7620.000,162.000,3.930,0.230
7620.000,163.000,3.700,-0.860
7630.000,156.000,1.330,0.720
7630.000,157.000,1.890,0.750
7630.000,158.000,2.820,1.020
7630.000,160.000,2.350,-1.900
7630.000,161.000,-0.060,2.330
7630.000,162.000,3.960,-0.360
7630.000,163.000,3.690,-1.320
7640.000,156.000,1.230,1.360
7640.000,157.000,1.790,1.390
7640.000,158.000,2.920,1.670
7640.000,160.000,2.350,-1.250
7640.000,161.000,-0.010,2.320
7640.000,162.000,3.990,-0.790
7640.000,163.000,3.700,-1.830
7650.000,156.000,1.150,1.930
7650.000,157.000,1.830,2.030
7650.000,158.000,3.090,2.250
7650.000,160.000,2.330,-0.640
7650.000,161.000,-0.000,2.320
7660.000,156.000,1.090,2.570
7660.000,157.000,1.770,2.660
7660.000,158.000,3.190,2.910
7660.000,160.000,2.360,0.010
7660.000,161.000,-0.000,2.320
7670.000,156.000,1.010,3.190
7670.000,157.000,1.690,3.270
7670.000,160.000,2.350,0.660
7670.000,161.000,-0.000,2.320
8050.000,164.000,2.180,-7.980
8050.000,165.000,2.780,-8.310
8050.000,166.000,2.520,-5.100
8050.000,167.000,1.120,1.030
8060.000,164.000,2.210,-7.440
8060.000,165.000,2.840,-7.670
8060.000,166.000,2.600,-4.560
8060.000,167.000,1.120,0.330
8070.000,164.000,2.230,-6.870
8070.000,165.000,2.820,-7.060
8070.000,166.000,2.660,-3.920
8070.000,167.000,1.060,-0.360
8080.000,164.000,2.230,-6.240
8080.000,165.000,2.800,-6.440
8080.000,166.000,2.780,-3.260
8080.000,167.000,1.080,-1.010
8090.000,164.000,2.310,-5.630
8090.000,165.000,2.780,-5.840
8090.000,166.000,2.800,-2.720
8090.000,167.000,1.130,-1.700
8090.000,168.000,0.900,1.860
8090.000,169.000,-0.030,1.180
8090.000,170.000,-0.550,-0.490
8100.000,164.000,2.230,-5.040
8100.000,165.000,2.770,-5.250
8100.000,166.000,2.810,-2.140
8100.000,167.000,1.110,-2.410
8100.000,168.000,0.960,1.550
8100.000,169.000,-0.030,1.180
8100.000,170.000,-0.550,-0.490
8110.000,164.000,2.200,-4.410
8110.000,165.000,2.800,-4.640
8110.000,166.000,2.970,-1.550
8110.000,167.000,1.160,-3.090
8110.000,168.000,0.970,1.120
8110.000,169.000,-0.030,1.180
8110.000,170.000,-0.550,-0.490
8120.000,164.000,2.200,-3.720
8120.000,165.000,2.800,-4.030
8120.000,166.000,3.030,-0.970
8120.000,167.000,1.170,-3.770
8120.000,168.000,0.900,0.680
8120.000,169.000,-0.030,1.180
8120.000,170.000,-0.560,-0.420
8130.000,164.000,2.130,-3.070
8130.000,165.000,2.820,-3.370
8130.000,166.000,3.070,-0.380
8130.000,167.000,1.150,-4.480
8130.000,168.000,0.950,0.230
8130.000,169.000,-0.030,1.180
8130.000,170.000,-0.560,-0.410
8140.000,164.000,2.120,-2.480
8140.000,165.000,2.900,-2.710
8140.000,166.000,3.090,0.250
8140.000,167.000,1.210,-5.210
8140.000,168.000,0.940,-0.180
8140.000,169.000,-0.030,1.180
8140.000,170.000,-0.560,-0.410
8150.000,164.000,2.180,-1.880
8150.000,165.000,2.890,-2.060
8150.000,166.000,3.020,0.910
8150.000,169.000,-0.030,1.180
8150.000,170.000,-0.560,-0.410
