10.000,1.000,12.986,3.938
10.000,2.000,12.859,4.439
10.000,3.000,11.533,4.511
10.000,4.000,11.407,5.227
10.000,5.000,8.377,4.391
10.000,6.000,8.545,3.437
10.000,7.000,6.735,3.723
10.000,8.000,4.525,7.303
20.000,1.000,12.460,3.938
20.000,2.000,12.354,4.439
20.000,3.000,11.134,4.582
20.000,4.000,10.965,5.274
20.000,5.000,8.040,4.320
20.000,6.000,9.029,3.389
20.000,7.000,7.198,3.556
20.000,8.000,4.736,7.207
30.000,1.000,11.954,3.962
30.000,2.000,11.849,4.439
30.000,3.000,10.713,4.678
30.000,4.000,10.523,5.322
30.000,5.000,7.682,4.272
30.000,6.000,9.534,3.341
30.000,7.000,7.682,3.437
30.000,8.000,4.925,7.184
30.000,9.000,14.712,3.556
40.000,1.000,11.470,4.010
40.000,2.000,11.386,4.487
40.000,3.000,10.313,4.726
40.000,4.000,10.102,5.346
40.000,5.000,7.324,4.200
40.000,6.000,9.934,3.341
40.000,7.000,8.187,3.341
40.000,8.000,5.072,7.207
40.000,9.000,14.143,3.413
50.000,1.000,10.986,4.033
50.000,2.000,10.944,4.535
50.000,3.000,9.892,4.749
50.000,4.000,9.702,5.346
50.000,5.000,6.966,4.081
50.000,6.000,10.334,3.341
50.000,7.000,8.713,3.270
50.000,8.000,5.220,7.231
50.000,9.000,13.575,3.317
60.000,1.000,10.502,4.010
60.000,2.000,10.481,4.558
60.000,3.000,9.492,4.797
60.000,4.000,9.303,5.346
60.000,5.000,6.609,3.962
60.000,6.000,10.692,3.389
60.000,7.000,9.218,3.174
60.000,8.000,5.367,7.255
60.000,9.000,13.091,3.293
70.000,1.000,10.060,3.890
70.000,2.000,9.976,4.439
70.000,3.000,9.092,4.845
70.000,4.000,8.882,5.346
70.000,5.000,6.251,3.842
70.000,6.000,10.986,3.532
70.000,7.000,9.723,3.055
70.000,8.000,5.514,7.279
70.000,9.000,12.586,3.293
80.000,1.000,9.597,3.747
80.000,2.000,9.492,4.344
80.000,3.000,8.671,4.893
80.000,4.000,8.482,5.346
80.000,5.000,5.872,3.747
80.000,6.000,11.323,3.771
80.000,7.000,10.229,2.936
80.000,8.000,5.683,7.279
80.000,9.000,12.144,3.317
90.000,1.000,9.134,3.628
90.000,2.000,8.987,4.224
90.000,3.000,8.250,4.916
90.000,4.000,8.061,5.394
90.000,5.000,5.472,3.675
90.000,6.000,11.702,4.081
90.000,7.000,10.776,2.888
90.000,8.000,5.851,7.303
90.000,9.000,11.681,3.365
100.000,1.000,8.608,3.484
100.000,2.000,8.461,4.057
100.000,3.000,7.829,4.964
100.000,4.000,7.640,5.465
100.000,5.000,5.093,3.604
100.000,6.000,12.081,4.415
100.000,7.000,11.323,2.816
100.000,8.000,5.998,7.303
100.000,9.000,11.260,3.365
110.000,1.000,8.082,3.341
110.000,2.000,7.934,3.914
110.000,3.000,7.408,5.012
110.000,4.000,7.198,5.513
110.000,5.000,4.714,3.532
110.000,6.000,12.417,4.749
110.000,7.000,11.870,2.768
110.000,8.000,6.125,7.351
110.000,9.000,10.839,3.246
120.000,1.000,7.556,3.246
120.000,2.000,7.429,3.819
120.000,3.000,7.008,5.060
120.000,4.000,6.777,5.561
120.000,5.000,4.314,3.461
120.000,6.000,12.733,5.107
120.000,7.000,12.354,2.768
120.000,8.000,6.188,7.375
120.000,9.000,10.418,3.126
120.000,10.000,0.316,6.993
130.000,1.000,7.029,3.198
130.000,2.000,6.903,3.771
130.000,3.000,6.588,5.060
130.000,4.000,6.356,5.632
130.000,5.000,3.936,3.413
130.000,6.000,13.049,5.465
130.000,7.000,12.838,2.768
130.000,8.000,6.272,7.422
130.000,9.000,9.913,3.031
130.000,10.000,0.589,6.897
140.000,1.000,6.503,3.150
140.000,2.000,6.398,3.723
140.000,3.000,6.188,5.060
140.000,4.000,5.956,5.656
140.000,5.000,3.578,3.341
140.000,6.000,13.322,5.847
140.000,7.000,13.343,2.840
140.000,8.000,6.272,7.470
140.000,9.000,9.366,2.959
140.000,10.000,0.884,6.802
150.000,1.000,5.956,3.126
150.000,2.000,5.872,3.675
150.000,3.000,5.788,5.060
150.000,4.000,5.577,5.704
150.000,5.000,3.199,3.293
150.000,6.000,13.428,6.324
150.000,7.000,13.912,3.007
150.000,8.000,6.251,7.518
150.000,9.000,8.839,2.912
150.000,10.000,1.200,6.706
160.000,1.000,5.409,3.103
160.000,2.000,5.388,3.675
160.000,3.000,5.367,5.060
160.000,4.000,5.199,5.752
160.000,5.000,2.841,3.246
160.000,6.000,13.512,6.802
160.000,7.000,14.459,3.198
160.000,8.000,6.251,7.566
160.000,9.000,8.398,2.959
160.000,10.000,1.684,6.635
170.000,1.000,4.862,3.079
170.000,2.000,4.883,3.675
170.000,3.000,4.988,5.083
170.000,4.000,4.799,5.776
170.000,5.000,2.462,3.198
170.000,6.000,13.617,7.231
170.000,8.000,5.998,7.566
170.000,9.000,7.956,3.007
170.000,10.000,2.168,6.539
180.000,1.000,4.336,3.007
180.000,2.000,4.399,3.675
180.000,3.000,4.609,5.107
180.000,4.000,4.420,5.823
180.000,5.000,2.126,3.174
180.000,6.000,13.722,7.685
180.000,8.000,5.767,7.542
180.000,9.000,7.514,3.031
180.000,10.000,2.673,6.468
190.000,1.000,3.852,2.912
190.000,2.000,3.873,3.604
190.000,3.000,4.230,5.107
190.000,4.000,4.062,5.871
190.000,5.000,1.789,3.174
190.000,6.000,13.743,8.114
190.000,8.000,5.535,7.518
190.000,9.000,7.029,3.007
190.000,10.000,3.157,6.396
200.000,1.000,3.346,2.816
200.000,2.000,3.346,3.532
200.000,3.000,3.852,5.131
200.000,4.000,3.704,5.943
200.000,5.000,1.452,3.174
200.000,6.000,13.743,8.520
200.000,8.000,5.304,7.518
200.000,9.000,6.545,2.983
200.000,10.000,3.641,6.324
200.000,11.000,0.421,7.327
210.000,1.000,2.862,2.697
210.000,2.000,2.820,3.484
210.000,3.000,3.473,5.179
210.000,4.000,3.346,5.990
210.000,5.000,1.094,3.174
210.000,6.000,13.722,8.950
210.000,8.000,5.093,7.542
210.000,9.000,6.082,2.959
210.000,10.000,4.125,6.277
210.000,11.000,0.947,7.088
220.000,1.000,2.399,2.649
220.000,2.000,2.357,3.437
220.000,3.000,3.094,5.250
220.000,4.000,3.010,6.038
220.000,5.000,0.758,3.174
220.000,6.000,13.722,9.355
220.000,8.000,4.904,7.566
220.000,9.000,5.598,2.959
220.000,10.000,4.609,6.205
220.000,11.000,1.494,6.897
230.000,1.000,1.936,2.578
230.000,2.000,1.873,3.389
230.000,3.000,2.694,5.322
230.000,4.000,2.715,6.110
230.000,5.000,0.421,3.174
230.000,6.000,13.701,9.761
230.000,8.000,4.714,7.613
230.000,9.000,5.135,3.007
230.000,10.000,5.072,6.134
230.000,11.000,2.126,6.849
240.000,1.000,1.473,2.506
240.000,2.000,1.410,3.317
240.000,3.000,2.315,5.418
240.000,4.000,2.420,6.157
240.000,6.000,13.680,10.143
240.000,8.000,4.525,7.613
240.000,9.000,4.672,3.055
240.000,10.000,5.556,6.062
240.000,11.000,2.778,6.802
250.000,1.000,1.010,2.458
250.000,2.000,0.947,3.246
250.000,3.000,1.915,5.489
250.000,4.000,2.126,6.229
250.000,6.000,13.659,10.549
250.000,8.000,4.314,7.589
250.000,9.000,4.209,3.079
250.000,10.000,6.019,5.966
250.000,11.000,3.452,6.659
260.000,1.000,0.568,2.387
260.000,2.000,0.484,3.174
260.000,3.000,1.579,5.656
260.000,4.000,1.831,6.277
260.000,6.000,13.659,10.931
260.000,8.000,4.125,7.566
260.000,9.000,3.746,3.103
260.000,10.000,6.482,5.919
260.000,11.000,4.146,6.468
270.000,3.000,1.242,5.847
270.000,4.000,1.579,6.420
270.000,8.000,3.915,7.542
270.000,9.000,3.304,3.126
270.000,10.000,6.945,5.919
270.000,11.000,4.841,6.301
280.000,3.000,0.884,6.014
280.000,4.000,1.347,6.563
280.000,8.000,3.704,7.518
280.000,9.000,2.862,3.150
280.000,10.000,7.408,5.895
280.000,11.000,5.514,6.062
290.000,3.000,0.568,6.181
290.000,4.000,1.115,6.683
290.000,8.000,3.536,7.494
290.000,9.000,2.399,3.174
290.000,10.000,7.850,5.895
290.000,11.000,6.209,5.823
300.000,3.000,0.295,6.372
300.000,4.000,0.884,6.826
300.000,8.000,3.346,7.494
300.000,9.000,2.042,3.198
300.000,10.000,8.334,5.847
300.000,11.000,6.903,5.585
310.000,4.000,0.589,7.017
310.000,8.000,3.178,7.494
310.000,9.000,1.789,3.222
310.000,10.000,8.839,5.823
310.000,11.000,7.598,5.346
320.000,4.000,0.316,7.184
320.000,8.000,2.989,7.494
320.000,9.000,1.515,3.246
320.000,10.000,9.345,5.776
320.000,11.000,8.271,5.107
330.000,8.000,2.946,7.446
330.000,9.000,1.326,3.270
330.000,10.000,9.829,5.728
330.000,11.000,8.987,4.940
330.000,12.000,15.090,3.795
340.000,8.000,2.904,7.375
340.000,9.000,1.326,3.270
340.000,10.000,10.334,5.728
340.000,11.000,9.723,4.893
340.000,12.000,14.543,3.842
340.000,13.000,14.375,3.270
350.000,8.000,2.883,7.327
350.000,9.000,1.305,3.270
350.000,10.000,10.797,5.752
350.000,11.000,10.460,4.821
350.000,12.000,14.017,3.890
350.000,13.000,13.807,3.270
360.000,8.000,2.841,7.279
360.000,9.000,1.284,3.270
360.000,10.000,11.281,5.799
360.000,11.000,11.176,4.773
360.000,12.000,13.470,3.938
360.000,13.000,13.238,3.270
370.000,8.000,2.799,7.231
370.000,9.000,1.263,3.293
370.000,10.000,11.744,5.823
370.000,11.000,11.891,4.678
370.000,12.000,12.923,3.986
370.000,13.000,12.670,3.293
380.000,8.000,2.694,7.231
380.000,9.000,1.263,3.293
380.000,10.000,12.228,5.847
380.000,11.000,12.607,4.582
380.000,12.000,12.354,4.010
380.000,13.000,12.123,3.317
390.000,8.000,2.610,7.207
390.000,9.000,1.242,3.293
390.000,10.000,12.754,5.847
390.000,11.000,13.322,4.487
390.000,12.000,11.786,4.057
390.000,13.000,11.576,3.365
400.000,8.000,2.526,7.207
400.000,9.000,1.221,3.293
400.000,10.000,13.280,5.823
400.000,11.000,14.017,4.439
400.000,12.000,11.260,4.153
400.000,13.000,11.049,3.508
410.000,8.000,2.399,7.160
410.000,9.000,1.221,3.317
410.000,10.000,13.807,5.823
410.000,11.000,14.712,4.367
410.000,12.000,10.734,4.272
410.000,13.000,10.502,3.651
420.000,8.000,2.294,7.088
420.000,9.000,1.200,3.317
420.000,10.000,14.354,5.799
420.000,12.000,10.208,4.391
420.000,13.000,9.955,3.771
430.000,8.000,2.168,7.040
430.000,9.000,1.179,3.317
430.000,10.000,14.733,6.038
430.000,12.000,9.702,4.463
430.000,13.000,9.429,3.890
440.000,8.000,2.084,7.040
440.000,9.000,1.158,3.341
440.000,12.000,9.218,4.558
440.000,13.000,8.903,3.986
450.000,8.000,2.021,7.040
450.000,9.000,1.158,3.341
450.000,12.000,8.713,4.654
450.000,13.000,8.355,4.081
460.000,8.000,1.936,7.040
460.000,9.000,1.137,3.341
460.000,12.000,8.229,4.726
460.000,13.000,7.871,4.176
460.000,14.000,14.754,3.246
470.000,8.000,1.852,7.040
470.000,9.000,1.115,3.341
470.000,12.000,7.724,4.821
470.000,13.000,7.408,4.272
470.000,14.000,14.122,3.317
470.000,15.000,14.501,4.057
480.000,8.000,1.747,7.017
480.000,9.000,1.094,3.365
480.000,12.000,7.240,4.916
480.000,13.000,6.945,4.367
480.000,14.000,13.491,3.389
480.000,15.000,13.891,4.105
490.000,8.000,1.642,6.993
490.000,9.000,1.094,3.365
490.000,12.000,6.735,4.988
490.000,13.000,6.482,4.463
490.000,14.000,12.859,3.437
490.000,15.000,13.280,4.153
490.000,16.000,0.253,7.255
500.000,8.000,1.536,6.969
500.000,9.000,1.073,3.365
500.000,12.000,6.272,5.083
500.000,13.000,6.040,4.558
500.000,14.000,12.249,3.532
500.000,15.000,12.649,4.272
500.000,16.000,0.337,7.160
510.000,8.000,1.473,7.040
510.000,9.000,1.052,3.365
510.000,12.000,5.851,5.203
510.000,13.000,5.577,4.630
510.000,14.000,11.639,3.628
510.000,15.000,12.018,4.391
510.000,16.000,0.421,7.040
520.000,8.000,1.452,7.160
520.000,9.000,1.052,3.389
520.000,12.000,5.430,5.322
520.000,13.000,5.135,4.726
520.000,14.000,11.028,3.699
520.000,15.000,11.407,4.511
520.000,16.000,0.505,6.921
520.000,17.000,0.189,6.468
530.000,8.000,1.452,7.303
530.000,9.000,1.031,3.389
530.000,12.000,5.009,5.441
530.000,13.000,4.672,4.821
530.000,14.000,10.439,3.842
530.000,15.000,10.860,4.606
530.000,16.000,0.589,6.826
530.000,17.000,0.463,6.372
540.000,8.000,1.452,7.351
540.000,9.000,1.010,3.389
540.000,12.000,4.588,5.561
540.000,13.000,4.230,4.893
540.000,14.000,9.850,4.010
540.000,15.000,10.313,4.702
540.000,16.000,0.673,6.826
540.000,17.000,0.758,6.253
550.000,8.000,1.452,7.351
550.000,9.000,0.989,3.413
550.000,12.000,4.083,5.609
550.000,13.000,3.704,4.940
550.000,14.000,9.261,4.176
550.000,15.000,9.766,4.773
550.000,16.000,0.737,6.826
550.000,17.000,0.989,6.229
560.000,8.000,1.452,7.351
560.000,9.000,0.926,3.437
560.000,12.000,3.599,5.632
560.000,13.000,3.199,4.988
560.000,14.000,8.692,4.344
560.000,15.000,9.197,4.845
560.000,16.000,0.821,6.826
560.000,17.000,1.179,6.301
570.000,8.000,1.452,7.375
570.000,9.000,0.863,3.461
570.000,12.000,3.115,5.656
570.000,13.000,2.673,5.012
570.000,14.000,8.124,4.415
570.000,15.000,8.629,4.916
570.000,16.000,0.926,6.802
570.000,17.000,1.389,6.372
580.000,8.000,1.452,7.375
580.000,9.000,0.779,3.484
580.000,12.000,2.652,5.680
580.000,13.000,2.168,5.083
580.000,14.000,7.577,4.487
580.000,15.000,8.061,4.988
580.000,16.000,1.031,6.778
580.000,17.000,1.536,6.444
590.000,8.000,1.452,7.375
590.000,9.000,0.695,3.508
590.000,12.000,2.231,5.752
590.000,13.000,1.705,5.227
590.000,14.000,7.008,4.535
590.000,15.000,7.535,5.083
590.000,16.000,1.115,6.754
590.000,17.000,1.684,6.539
590.000,18.000,0.400,6.802
600.000,8.000,1.452,7.399
600.000,9.000,0.589,3.508
600.000,12.000,1.810,5.823
600.000,13.000,1.221,5.370
600.000,14.000,6.461,4.606
600.000,15.000,7.008,5.203
600.000,16.000,1.221,6.754
600.000,17.000,1.810,6.611
600.000,18.000,0.442,6.635
610.000,8.000,1.452,7.399
610.000,9.000,0.484,3.508
610.000,12.000,1.410,5.895
610.000,13.000,0.758,5.537
610.000,14.000,5.893,4.702
610.000,15.000,6.482,5.298
610.000,16.000,1.389,6.778
610.000,17.000,1.936,6.659
610.000,18.000,0.631,6.444
610.000,19.000,0.253,8.329
620.000,8.000,1.452,7.422
620.000,9.000,0.379,3.508
620.000,12.000,1.094,5.871
620.000,13.000,0.316,5.704
620.000,14.000,5.346,4.797
620.000,15.000,5.956,5.370
620.000,16.000,1.536,6.778
620.000,17.000,2.063,6.659
620.000,18.000,0.884,6.253
620.000,19.000,0.337,8.138
630.000,8.000,1.452,7.422
630.000,9.000,0.274,3.508
630.000,12.000,0.779,5.823
630.000,14.000,4.778,4.916
630.000,15.000,5.430,5.394
630.000,16.000,1.684,6.802
630.000,17.000,2.168,6.659
630.000,18.000,1.284,6.134
630.000,19.000,0.421,7.923
640.000,8.000,1.452,7.422
640.000,12.000,0.379,5.919
640.000,14.000,4.251,4.988
640.000,15.000,4.904,5.418
640.000,16.000,1.852,6.826
640.000,17.000,2.273,6.659
640.000,18.000,1.621,6.062
640.000,19.000,0.484,7.733
640.000,20.000,0.400,6.277
650.000,8.000,1.452,7.446
650.000,14.000,3.767,5.036
650.000,15.000,4.483,5.441
650.000,16.000,2.105,6.921
650.000,17.000,2.483,6.683
650.000,18.000,1.894,6.014
650.000,19.000,0.652,7.518
650.000,20.000,0.673,6.110
660.000,8.000,1.452,7.446
660.000,14.000,3.283,5.060
660.000,15.000,4.062,5.465
660.000,16.000,2.357,7.017
660.000,17.000,2.694,6.730
660.000,18.000,2.168,5.966
660.000,19.000,0.905,7.327
660.000,20.000,0.947,5.943
670.000,8.000,1.452,7.446
670.000,14.000,2.799,5.107
670.000,15.000,3.599,5.537
670.000,16.000,2.610,7.112
670.000,17.000,2.904,6.754
670.000,18.000,2.483,5.966
670.000,19.000,1.179,7.112
670.000,20.000,1.094,5.680
680.000,8.000,1.452,7.470
680.000,14.000,2.315,5.107
680.000,15.000,3.199,5.561
680.000,16.000,2.883,7.184
680.000,17.000,3.094,6.778
680.000,18.000,2.757,5.943
680.000,19.000,1.452,6.921
680.000,20.000,1.221,5.418
690.000,8.000,1.452,7.470
690.000,14.000,1.873,5.107
690.000,15.000,2.841,5.537
690.000,16.000,3.178,7.231
690.000,17.000,3.283,6.802
690.000,18.000,2.989,5.847
690.000,19.000,1.873,6.873
690.000,20.000,1.263,5.394
700.000,8.000,1.452,7.470
700.000,14.000,1.410,5.131
700.000,15.000,2.526,5.537
700.000,16.000,3.473,7.279
700.000,17.000,3.494,6.849
700.000,18.000,3.115,5.776
700.000,19.000,2.294,6.802
700.000,20.000,1.305,5.418
710.000,8.000,1.452,7.494
710.000,14.000,0.989,5.203
710.000,15.000,2.210,5.441
710.000,16.000,3.767,7.303
710.000,17.000,3.683,6.873
710.000,18.000,3.094,5.752
710.000,19.000,2.631,6.802
710.000,20.000,1.347,5.441
720.000,8.000,1.452,7.494
720.000,14.000,0.610,5.465
720.000,15.000,1.873,5.322
720.000,16.000,4.062,7.303
720.000,17.000,3.957,6.826
720.000,18.000,3.073,5.728
720.000,19.000,2.946,6.826
720.000,20.000,1.389,5.465
730.000,8.000,1.452,7.494
730.000,14.000,0.253,5.752
730.000,15.000,1.557,5.203
730.000,16.000,4.357,7.303
730.000,17.000,4.272,6.730
730.000,18.000,3.073,5.728
730.000,19.000,3.262,6.826
730.000,20.000,1.431,5.489
740.000,8.000,1.452,7.518
740.000,15.000,1.137,5.131
740.000,16.000,4.651,7.279
740.000,17.000,4.588,6.659
740.000,18.000,3.052,5.704
740.000,19.000,3.557,6.778
740.000,20.000,1.473,5.489
750.000,8.000,1.452,7.518
750.000,15.000,0.716,5.250
750.000,16.000,4.967,7.255
750.000,17.000,4.883,6.635
750.000,18.000,2.862,5.346
750.000,19.000,3.830,6.730
750.000,20.000,1.494,5.298
760.000,8.000,1.452,7.518
760.000,15.000,0.295,5.537
760.000,16.000,5.283,7.231
760.000,17.000,5.199,6.635
760.000,18.000,2.631,4.916
760.000,19.000,4.104,6.683
760.000,20.000,1.452,4.988
770.000,8.000,1.452,7.542
770.000,15.000,0.084,5.895
770.000,16.000,5.598,7.184
770.000,17.000,5.493,6.635
770.000,18.000,2.399,4.487
770.000,19.000,4.420,6.683
770.000,20.000,1.389,4.606
780.000,8.000,1.452,7.542
780.000,16.000,5.914,7.160
780.000,17.000,5.788,6.635
780.000,18.000,2.168,4.057
780.000,19.000,4.756,6.683
780.000,20.000,1.305,4.224
790.000,8.000,1.452,7.542
790.000,16.000,6.188,7.136
790.000,17.000,6.104,6.611
790.000,18.000,1.936,3.651
790.000,19.000,5.093,6.683
790.000,20.000,1.094,3.842
800.000,8.000,1.452,7.566
800.000,16.000,6.482,7.088
800.000,17.000,6.419,6.587
800.000,18.000,1.726,3.222
800.000,19.000,5.430,6.706
800.000,20.000,0.884,3.484
810.000,8.000,1.452,7.566
810.000,16.000,6.756,7.064
810.000,17.000,6.735,6.539
810.000,18.000,1.515,2.792
810.000,19.000,5.704,6.730
810.000,20.000,0.652,3.103
820.000,8.000,1.452,7.566
820.000,16.000,7.093,6.921
820.000,17.000,7.008,6.444
820.000,18.000,1.305,2.339
820.000,19.000,5.956,6.754
820.000,20.000,0.400,2.745
830.000,8.000,1.452,7.589
830.000,16.000,7.429,6.754
830.000,17.000,7.303,6.324
830.000,18.000,1.137,1.957
830.000,19.000,6.230,6.778
830.000,20.000,0.168,2.387
840.000,8.000,1.452,7.589
840.000,16.000,7.787,6.611
840.000,17.000,7.577,6.205
840.000,18.000,0.989,1.575
840.000,19.000,6.461,6.730
850.000,8.000,1.452,7.613
850.000,16.000,8.124,6.420
850.000,17.000,7.892,6.086
850.000,18.000,0.842,1.193
850.000,19.000,6.714,6.683
850.000,22.000,0.337,8.783
860.000,8.000,1.452,7.613
860.000,16.000,8.503,6.253
860.000,17.000,8.229,5.943
860.000,18.000,0.695,0.907
860.000,19.000,6.966,6.635
860.000,21.000,13.996,11.002
860.000,22.000,0.442,8.544
870.000,8.000,1.452,7.613
870.000,16.000,8.861,6.062
870.000,17.000,8.545,5.823
870.000,18.000,0.589,0.764
870.000,19.000,7.261,6.563
870.000,21.000,13.933,10.525
870.000,22.000,0.547,8.305
880.000,8.000,1.452,7.637
880.000,16.000,9.239,5.871
880.000,17.000,8.882,5.680
880.000,18.000,0.463,0.597
880.000,19.000,7.556,6.515
880.000,21.000,13.891,10.071
880.000,22.000,0.673,8.091
890.000,8.000,1.452,7.637
890.000,16.000,9.576,5.752
890.000,17.000,9.218,5.537
890.000,18.000,0.358,0.453
890.000,19.000,7.829,6.444
890.000,21.000,13.807,9.642
890.000,22.000,0.779,7.852
900.000,8.000,1.452,7.637
900.000,16.000,9.913,5.632
900.000,17.000,9.555,5.370
900.000,18.000,0.274,0.334
900.000,19.000,8.187,6.420
900.000,21.000,13.659,9.284
900.000,22.000,0.968,7.566
910.000,8.000,1.452,7.661
910.000,16.000,10.250,5.537
910.000,17.000,9.871,5.227
910.000,18.000,0.189,0.239
910.000,19.000,8.545,6.396
910.000,21.000,13.491,8.902
910.000,22.000,1.221,7.231
920.000,8.000,1.452,7.661
920.000,16.000,10.586,5.418
920.000,17.000,10.208,5.060
920.000,18.000,0.126,0.119
920.000,19.000,8.882,6.372
920.000,21.000,13.343,8.544
920.000,22.000,1.494,6.897
930.000,8.000,1.452,7.661
930.000,16.000,10.986,5.274
930.000,17.000,10.523,4.940
930.000,18.000,0.042,0.024
930.000,19.000,9.176,6.301
930.000,21.000,13.133,8.210
930.000,22.000,1.852,6.778
940.000,8.000,1.452,7.637
940.000,16.000,11.365,5.155
940.000,17.000,10.839,4.821
940.000,19.000,9.471,6.205
940.000,21.000,12.923,7.876
940.000,22.000,2.231,6.706
950.000,8.000,1.431,7.589
950.000,16.000,11.765,5.012
950.000,17.000,11.176,4.678
950.000,19.000,9.766,6.134
950.000,21.000,12.691,7.542
950.000,22.000,2.610,6.611
960.000,8.000,1.410,7.518
960.000,16.000,12.123,4.916
960.000,17.000,11.491,4.558
960.000,19.000,10.123,5.990
960.000,21.000,12.481,7.160
960.000,22.000,2.968,6.635
970.000,8.000,1.368,7.470
970.000,16.000,12.460,4.821
970.000,17.000,11.849,4.439
970.000,19.000,10.481,5.871
970.000,21.000,12.249,6.802
970.000,22.000,3.346,6.635
980.000,8.000,1.326,7.422
980.000,16.000,12.796,4.749
980.000,17.000,12.270,4.296
980.000,19.000,10.860,5.728
980.000,21.000,11.975,6.444
980.000,22.000,3.725,6.635
990.000,8.000,1.284,7.375
990.000,16.000,13.112,4.678
990.000,17.000,12.670,4.176
990.000,19.000,11.239,5.537
990.000,21.000,11.555,6.205
990.000,22.000,4.167,6.635
1000.000,8.000,1.242,7.327
1000.000,16.000,13.449,4.606
1000.000,17.000,13.091,4.057
1000.000,19.000,11.639,5.322
1000.000,21.000,11.113,5.966
1000.000,22.000,4.672,6.611
1010.000,8.000,1.200,7.255
1010.000,16.000,13.764,4.582
1010.000,17.000,13.449,3.986
1010.000,19.000,12.039,5.107
1010.000,21.000,10.502,5.823
1010.000,22.000,5.156,6.611
1020.000,8.000,1.158,7.207
1020.000,16.000,14.101,4.535
1020.000,17.000,13.764,3.962
1020.000,19.000,12.460,4.988
1020.000,21.000,9.913,5.704
1020.000,22.000,5.619,6.563
1030.000,8.000,1.137,7.136
1030.000,16.000,14.417,4.487
1030.000,17.000,14.080,3.938
1030.000,19.000,12.902,4.845
1030.000,21.000,9.324,5.609
1030.000,22.000,6.082,6.492
1040.000,8.000,1.115,7.088
1040.000,16.000,14.754,4.439
1040.000,17.000,14.417,3.890
1040.000,19.000,13.322,4.726
1040.000,21.000,8.734,5.513
1040.000,22.000,6.524,6.420
1050.000,8.000,1.137,7.088
1050.000,17.000,14.733,3.866
1050.000,19.000,13.807,4.702
1050.000,21.000,8.145,5.441
1050.000,22.000,6.987,6.348
1060.000,8.000,1.158,7.064
1060.000,19.000,14.270,4.678
1060.000,21.000,7.556,5.346
1060.000,22.000,7.450,6.229
1070.000,8.000,1.179,7.040
1070.000,19.000,14.754,4.654
1070.000,21.000,6.966,5.250
1070.000,22.000,7.913,6.110
1080.000,8.000,1.200,7.017
1080.000,21.000,6.398,5.155
1080.000,22.000,8.377,5.990
1080.000,23.000,14.901,6.635
1090.000,8.000,1.221,7.017
1090.000,21.000,5.788,5.083
1090.000,22.000,8.861,5.895
1090.000,23.000,14.438,6.492
1100.000,8.000,1.242,6.993
1100.000,21.000,5.177,5.036
1100.000,22.000,9.345,5.799
1100.000,23.000,13.975,6.372
1100.000,24.000,14.796,2.936
1110.000,8.000,1.263,6.969
1110.000,21.000,4.567,4.988
1110.000,22.000,9.829,5.728
1110.000,23.000,13.449,6.324
1110.000,24.000,14.248,2.936
1110.000,25.000,14.480,3.461
1120.000,8.000,1.284,6.969
1120.000,21.000,3.978,4.940
1120.000,22.000,10.334,5.609
1120.000,23.000,12.923,6.301
1120.000,24.000,13.680,2.936
1120.000,25.000,13.870,3.484
1130.000,8.000,1.305,6.945
1130.000,21.000,3.367,4.964
1130.000,22.000,10.839,5.513
1130.000,23.000,12.396,6.277
1130.000,24.000,13.133,2.912
1130.000,25.000,13.259,3.508
1140.000,8.000,1.326,6.921
1140.000,21.000,2.757,4.964
1140.000,22.000,11.344,5.418
1140.000,23.000,11.933,6.157
1140.000,24.000,12.607,2.840
1140.000,25.000,12.691,3.556
1150.000,8.000,1.347,6.897
1150.000,21.000,2.147,4.964
1150.000,22.000,11.828,5.322
1150.000,23.000,11.491,6.014
1150.000,24.000,12.081,2.768
1150.000,25.000,12.144,3.628
1160.000,8.000,1.368,6.897
1160.000,21.000,1.621,5.036
1160.000,22.000,12.333,5.203
1160.000,23.000,11.049,5.895
1160.000,24.000,11.555,2.697
1160.000,25.000,11.576,3.675
1160.000,26.000,0.337,3.293
1170.000,8.000,1.389,6.873
1170.000,21.000,1.073,5.131
1170.000,22.000,12.859,5.083
1170.000,23.000,10.586,5.799
1170.000,24.000,11.028,2.697
1170.000,25.000,11.028,3.723
1170.000,26.000,0.947,3.437
1180.000,8.000,1.410,6.849
1180.000,21.000,0.547,5.203
1180.000,22.000,13.365,4.940
1180.000,23.000,10.123,5.728
1180.000,24.000,10.502,2.745
1180.000,25.000,10.502,3.747
1180.000,26.000,1.536,3.580
1190.000,8.000,1.431,6.849
1190.000,22.000,13.891,4.821
1190.000,23.000,9.660,5.656
1190.000,24.000,9.976,2.792
1190.000,25.000,9.997,3.771
1190.000,26.000,2.105,3.771
1200.000,8.000,1.452,6.826
1200.000,22.000,14.417,4.702
1200.000,23.000,9.197,5.561
1200.000,24.000,9.471,2.840
1200.000,25.000,9.492,3.819
1200.000,26.000,2.652,4.010
1210.000,8.000,1.579,6.849
1210.000,23.000,8.713,5.418
1210.000,24.000,8.945,2.864
1210.000,25.000,8.966,3.842
1210.000,26.000,3.220,4.200
1220.000,8.000,1.789,6.897
1220.000,23.000,8.208,5.274
1220.000,24.000,8.440,2.912
1220.000,25.000,8.482,3.866
1220.000,26.000,3.830,4.367
1230.000,8.000,1.999,6.969
1230.000,23.000,7.724,5.131
1230.000,24.000,7.934,2.936
1230.000,25.000,7.977,3.890
1230.000,26.000,4.420,4.535
1240.000,8.000,2.231,6.993
1240.000,23.000,7.261,4.940
1240.000,24.000,7.429,2.983
1240.000,25.000,7.493,3.914
1240.000,26.000,4.967,4.726
1250.000,8.000,2.483,7.017
1250.000,23.000,6.819,4.773
1250.000,24.000,6.924,3.007
1250.000,25.000,6.987,3.938
1250.000,26.000,5.493,4.940
1260.000,8.000,2.736,7.017
1260.000,23.000,6.356,4.606
1260.000,24.000,6.440,3.007
1260.000,25.000,6.503,3.938
1260.000,26.000,6.040,5.036
1270.000,8.000,2.989,7.040
1270.000,23.000,5.914,4.582
1270.000,24.000,5.977,3.031
1270.000,25.000,6.040,3.914
1270.000,26.000,6.588,5.107
1280.000,8.000,3.220,7.064
1280.000,23.000,5.472,4.535
1280.000,24.000,5.493,3.031
1280.000,25.000,5.556,3.890
1280.000,26.000,7.114,5.107
1290.000,8.000,3.452,7.088
1290.000,23.000,5.030,4.511
1290.000,24.000,5.009,3.031
1290.000,25.000,5.093,3.866
1290.000,26.000,7.640,5.107
1300.000,8.000,3.683,7.112
1300.000,23.000,4.567,4.487
1300.000,24.000,4.525,3.031
1300.000,25.000,4.630,3.819
1300.000,26.000,8.187,5.107
1310.000,8.000,3.852,7.136
1310.000,23.000,4.083,4.463
1310.000,24.000,4.041,3.031
1310.000,25.000,4.146,3.819
1310.000,26.000,8.692,4.988
1310.000,27.000,14.712,6.849
1320.000,8.000,3.999,7.136
1320.000,23.000,3.599,4.439
1320.000,24.000,3.557,3.031
1320.000,25.000,3.683,3.819
1320.000,26.000,9.197,4.845
1320.000,27.000,14.164,6.730
1330.000,8.000,4.146,7.160
1330.000,23.000,3.094,4.415
1330.000,24.000,3.073,3.007
1330.000,25.000,3.220,3.795
1330.000,26.000,9.723,4.702
1330.000,27.000,13.617,6.587
1340.000,8.000,4.293,7.160
1340.000,23.000,2.652,4.367
1340.000,24.000,2.526,2.983
1340.000,25.000,2.757,3.795
1340.000,26.000,10.250,4.487
1340.000,27.000,13.028,6.444
1350.000,8.000,4.462,7.160
1350.000,23.000,2.210,4.320
1350.000,24.000,1.999,2.936
1350.000,25.000,2.294,3.771
1350.000,26.000,10.797,4.272
1350.000,27.000,12.438,6.301
1360.000,8.000,4.546,7.207
1360.000,23.000,1.768,4.248
1360.000,24.000,1.473,2.888
1360.000,25.000,1.789,3.699
1360.000,26.000,11.344,4.033
1360.000,27.000,11.786,6.157
1370.000,8.000,4.630,7.255
1370.000,23.000,1.305,4.200
1370.000,24.000,0.947,2.864
1370.000,25.000,1.284,3.628
1370.000,26.000,11.933,3.866
1370.000,27.000,11.155,6.038
1380.000,8.000,4.714,7.303
1380.000,23.000,0.779,4.129
1380.000,24.000,0.421,2.816
1380.000,25.000,0.779,3.556
1380.000,26.000,12.544,3.699
1380.000,27.000,10.523,5.990
1390.000,8.000,4.820,7.327
1390.000,23.000,0.253,4.057
1390.000,25.000,0.274,3.484
1390.000,26.000,13.175,3.580
1390.000,27.000,9.892,5.919
1400.000,8.000,4.862,7.351
1400.000,26.000,13.807,3.508
1400.000,27.000,9.281,5.990
1410.000,8.000,4.799,7.327
1410.000,26.000,14.438,3.461
1410.000,27.000,8.692,6.038
1420.000,8.000,4.736,7.303
1420.000,27.000,8.082,6.086
1430.000,8.000,4.693,7.303
1430.000,27.000,7.429,6.134
1440.000,8.000,4.546,7.255
1440.000,27.000,6.777,6.157
1450.000,8.000,4.378,7.231
1450.000,27.000,6.104,6.205
1460.000,8.000,4.230,7.207
1460.000,27.000,5.472,6.253
1470.000,8.000,4.062,7.160
1470.000,27.000,4.883,6.324
1480.000,8.000,3.915,7.136
1480.000,27.000,4.272,6.372
1490.000,8.000,3.746,7.112
1490.000,27.000,3.683,6.468
1500.000,8.000,3.599,7.088
1500.000,27.000,3.094,6.611
1510.000,8.000,3.431,7.064
1510.000,27.000,2.526,6.754
1520.000,8.000,3.283,7.064
1520.000,27.000,1.978,6.945
1530.000,8.000,3.115,7.064
1530.000,27.000,1.515,7.231
1540.000,8.000,2.968,7.088
1540.000,27.000,1.137,7.542
1550.000,8.000,2.799,7.088
1550.000,27.000,0.863,7.876
1560.000,8.000,2.652,7.088
1560.000,27.000,0.589,8.210
1560.000,28.000,0.568,4.893
1560.000,29.000,0.547,5.728
1570.000,8.000,2.547,7.112
1570.000,27.000,0.379,8.520
1570.000,28.000,1.073,4.893
1570.000,29.000,1.052,5.680
1570.000,30.000,14.396,4.558
1570.000,31.000,14.669,3.771
1580.000,8.000,2.441,7.112
1580.000,27.000,0.232,8.830
1580.000,28.000,1.599,4.869
1580.000,29.000,1.536,5.656
1580.000,30.000,13.743,4.558
1580.000,31.000,13.996,3.866
1590.000,8.000,2.336,7.112
1590.000,28.000,2.084,4.845
1590.000,29.000,2.042,5.609
1590.000,30.000,13.091,4.582
1590.000,31.000,13.322,3.938
1600.000,8.000,2.252,7.112
1600.000,28.000,2.589,4.821
1600.000,29.000,2.547,5.609
1600.000,30.000,12.481,4.630
1600.000,31.000,12.670,3.962
1610.000,8.000,2.168,7.112
1610.000,28.000,3.073,4.797
1610.000,29.000,3.052,5.609
1610.000,30.000,11.849,4.702
1610.000,31.000,12.039,3.962
1620.000,8.000,2.063,7.112
1620.000,28.000,3.599,4.797
1620.000,29.000,3.557,5.609
1620.000,30.000,11.239,4.726
1620.000,31.000,11.407,3.962
1630.000,8.000,1.978,7.088
1630.000,28.000,4.125,4.821
1630.000,29.000,4.062,5.585
1630.000,30.000,10.628,4.726
1630.000,31.000,10.776,3.962
1640.000,8.000,1.873,7.064
1640.000,28.000,4.651,4.821
1640.000,29.000,4.588,5.585
1640.000,30.000,10.018,4.702
1640.000,31.000,10.144,3.914
1650.000,8.000,1.789,7.017
1650.000,28.000,5.156,4.821
1650.000,29.000,5.114,5.561
1650.000,30.000,9.408,4.630
1650.000,31.000,9.534,3.890
1660.000,8.000,1.705,6.969
1660.000,28.000,5.683,4.797
1660.000,29.000,5.641,5.537
1660.000,30.000,8.797,4.535
1660.000,31.000,8.945,3.890
1670.000,8.000,1.621,6.921
1670.000,28.000,6.188,4.797
1670.000,29.000,6.146,5.537
1670.000,30.000,8.187,4.463
1670.000,31.000,8.377,3.890
1670.000,32.000,0.484,4.057
1670.000,33.000,0.400,4.869
1680.000,8.000,1.642,6.921
1680.000,28.000,6.693,4.797
1680.000,29.000,6.672,5.537
1680.000,30.000,7.598,4.391
1680.000,31.000,7.808,3.819
1680.000,32.000,0.989,4.081
1680.000,33.000,0.884,4.869
1690.000,8.000,1.663,6.921
1690.000,28.000,7.177,4.821
1690.000,29.000,7.198,5.561
1690.000,30.000,7.051,4.391
1690.000,31.000,7.240,3.723
1690.000,32.000,1.473,4.105
1690.000,33.000,1.347,4.869
1700.000,8.000,1.684,6.921
1700.000,28.000,7.682,4.821
1700.000,29.000,7.724,5.561
1700.000,30.000,6.482,4.415
1700.000,31.000,6.693,3.604
1700.000,32.000,1.978,4.129
1700.000,33.000,1.831,4.916
1710.000,8.000,1.705,6.897
1710.000,28.000,8.187,4.821
1710.000,29.000,8.229,5.537
1710.000,30.000,5.893,4.439
1710.000,31.000,6.146,3.461
1710.000,32.000,2.462,4.176
1710.000,33.000,2.336,4.940
1720.000,8.000,1.726,6.897
1720.000,28.000,8.713,4.797
1720.000,29.000,8.734,5.513
1720.000,30.000,5.325,4.415
1720.000,31.000,5.619,3.341
1720.000,32.000,2.946,4.200
1720.000,33.000,2.820,4.988
1730.000,8.000,1.747,6.897
1730.000,28.000,9.239,4.773
1730.000,29.000,9.239,5.465
1730.000,30.000,4.820,4.296
1730.000,31.000,5.051,3.270
1730.000,32.000,3.325,4.367
1730.000,33.000,3.241,5.155
1740.000,8.000,1.768,6.897
1740.000,28.000,9.766,4.749
1740.000,29.000,9.745,5.418
1740.000,30.000,4.314,4.176
1740.000,31.000,4.483,3.222
1740.000,32.000,3.683,4.582
1740.000,33.000,3.683,5.322
1750.000,8.000,1.831,6.873
1750.000,28.000,10.313,4.630
1750.000,29.000,10.313,5.346
1750.000,30.000,3.788,4.105
1750.000,31.000,3.894,3.198
1750.000,32.000,4.041,4.749
1750.000,33.000,4.146,5.418
1760.000,8.000,1.936,6.873
1760.000,28.000,10.881,4.511
1760.000,29.000,10.902,5.250
1760.000,30.000,3.262,4.057
1760.000,31.000,3.262,3.222
1760.000,32.000,4.420,4.869
1760.000,33.000,4.609,5.489
1770.000,8.000,2.021,6.873
1770.000,28.000,11.449,4.391
1770.000,29.000,11.470,5.155
1770.000,30.000,2.715,4.033
1770.000,31.000,2.652,3.270
1770.000,32.000,4.756,4.893
1770.000,33.000,4.946,5.585
1780.000,8.000,2.126,6.873
1780.000,28.000,12.018,4.272
1780.000,29.000,12.039,5.083
1780.000,30.000,2.147,4.057
1780.000,31.000,2.063,3.270
1780.000,32.000,5.072,4.893
1780.000,33.000,5.114,5.656
1790.000,8.000,2.231,6.873
1790.000,28.000,12.586,4.200
1790.000,29.000,12.607,5.012
1790.000,30.000,1.579,4.081
1790.000,31.000,1.473,3.270
1790.000,32.000,5.367,4.916
1790.000,33.000,5.304,5.704
1800.000,8.000,2.273,6.873
1800.000,28.000,13.154,4.105
1800.000,29.000,13.175,4.916
1800.000,30.000,0.989,4.105
1800.000,31.000,0.884,3.270
1800.000,32.000,5.388,4.916
1800.000,33.000,5.304,5.728
1810.000,8.000,2.210,6.897
1810.000,28.000,13.701,4.033
1810.000,29.000,13.743,4.845
1810.000,30.000,0.421,4.153
1810.000,31.000,0.316,3.246
1810.000,32.000,5.430,4.940
1810.000,33.000,5.325,5.728
1820.000,8.000,2.168,6.897
1820.000,28.000,14.248,3.938
1820.000,29.000,14.333,4.773
1820.000,32.000,5.451,4.940
1820.000,33.000,5.325,5.728
1820.000,34.000,0.189,7.040
1830.000,8.000,2.105,6.921
1830.000,28.000,14.796,3.842
1830.000,29.000,14.901,4.702
1830.000,32.000,5.493,4.964
1830.000,33.000,5.346,5.728
1830.000,34.000,0.358,6.945
1840.000,8.000,2.063,6.945
1840.000,32.000,5.535,4.988
1840.000,33.000,5.346,5.752
1840.000,34.000,0.547,6.849
1850.000,8.000,1.999,6.945
1850.000,32.000,5.556,4.988
1850.000,33.000,5.367,5.752
1850.000,34.000,0.737,6.730
1860.000,8.000,1.957,6.969
1860.000,32.000,5.598,5.012
1860.000,33.000,5.367,5.752
1860.000,34.000,0.947,6.587
1860.000,35.000,0.358,5.680
1870.000,8.000,1.894,6.993
1870.000,32.000,5.619,5.012
1870.000,33.000,5.388,5.752
1870.000,34.000,1.137,6.420
1870.000,35.000,0.568,5.585
1880.000,8.000,1.852,7.017
1880.000,32.000,5.662,5.036
1880.000,33.000,5.388,5.776
1880.000,34.000,1.347,6.253
1880.000,35.000,0.779,5.489
1890.000,8.000,1.789,7.017
1890.000,32.000,5.704,5.060
1890.000,33.000,5.409,5.776
1890.000,34.000,1.515,6.181
1890.000,35.000,0.989,5.394
1900.000,8.000,1.642,6.993
1900.000,32.000,5.851,5.083
1900.000,33.000,5.409,5.776
1900.000,34.000,1.663,6.134
1900.000,35.000,1.200,5.346
1910.000,8.000,1.431,6.921
1910.000,32.000,5.998,5.131
1910.000,33.000,5.430,5.776
1910.000,34.000,1.831,6.086
1910.000,35.000,1.431,5.346
1920.000,8.000,1.242,6.873
1920.000,32.000,6.061,5.155
1920.000,33.000,5.430,5.799
1920.000,34.000,1.978,6.038
1920.000,35.000,1.663,5.346
1930.000,8.000,1.031,6.826
1930.000,32.000,6.104,5.179
1930.000,33.000,5.451,5.799
1930.000,34.000,2.189,6.014
1930.000,35.000,1.852,5.370
1940.000,8.000,0.758,6.849
1940.000,32.000,6.167,5.179
1940.000,33.000,5.451,5.799
1940.000,34.000,2.399,5.990
1940.000,35.000,2.021,5.370
1950.000,8.000,0.484,6.873
1950.000,32.000,6.209,5.203
1950.000,33.000,5.472,5.799
1950.000,34.000,2.610,5.966
1950.000,35.000,2.168,5.370
1960.000,8.000,0.210,6.921
1960.000,32.000,6.251,5.227
1960.000,33.000,5.472,5.799
1960.000,34.000,2.820,5.966
1960.000,35.000,2.336,5.394
1970.000,32.000,6.314,5.227
1970.000,33.000,5.683,5.799
1970.000,34.000,3.010,6.014
1970.000,35.000,2.547,5.441
1980.000,32.000,6.461,5.179
1980.000,33.000,5.935,5.799
1980.000,34.000,3.178,6.086
1980.000,35.000,2.757,5.465
1990.000,32.000,6.672,5.060
1990.000,33.000,6.251,5.752
1990.000,34.000,3.367,6.157
1990.000,35.000,2.968,5.513
2000.000,32.000,6.882,4.940
2000.000,33.000,6.672,5.632
2000.000,34.000,3.536,6.229
2000.000,35.000,3.136,5.585
2010.000,32.000,7.240,4.869
2010.000,33.000,7.093,5.513
2010.000,34.000,3.620,6.277
2010.000,35.000,3.304,5.632
2020.000,32.000,7.619,4.773
2020.000,33.000,7.535,5.465
2020.000,34.000,3.662,6.301
2020.000,35.000,3.473,5.680
2030.000,32.000,8.019,4.702
2030.000,33.000,7.977,5.441
2030.000,34.000,3.704,6.348
2030.000,35.000,3.641,5.728
2030.000,36.000,0.337,5.298
2040.000,32.000,8.461,4.606
2040.000,33.000,8.419,5.394
2040.000,34.000,3.725,6.396
2040.000,35.000,3.746,5.752
2040.000,36.000,1.073,5.083
2050.000,32.000,8.903,4.511
2050.000,33.000,8.861,5.370
2050.000,34.000,3.767,6.444
2050.000,35.000,3.873,5.776
2050.000,36.000,1.789,4.893
2060.000,32.000,9.366,4.439
2060.000,33.000,9.303,5.322
2060.000,34.000,3.809,6.468
2060.000,35.000,3.978,5.776
2060.000,36.000,2.462,4.773
2070.000,32.000,9.808,4.391
2070.000,33.000,9.745,5.274
2070.000,34.000,3.936,6.515
2070.000,35.000,4.146,5.776
2070.000,36.000,3.136,4.678
2080.000,32.000,10.250,4.344
2080.000,33.000,10.187,5.227
2080.000,34.000,4.251,6.515
2080.000,35.000,4.462,5.728
2080.000,36.000,3.809,4.582
2080.000,37.000,14.775,4.702
2090.000,32.000,10.692,4.296
2090.000,33.000,10.628,5.155
2090.000,34.000,4.567,6.515
2090.000,35.000,4.756,5.704
2090.000,36.000,4.483,4.487
2090.000,37.000,14.101,4.940
2100.000,32.000,11.155,4.296
2100.000,33.000,11.049,5.083
2100.000,34.000,4.883,6.515
2100.000,35.000,5.072,5.656
2100.000,36.000,5.199,4.415
2100.000,37.000,13.491,5.155
2110.000,32.000,11.618,4.296
2110.000,33.000,11.470,4.988
2110.000,34.000,5.241,6.492
2110.000,35.000,5.388,5.609
2110.000,36.000,5.914,4.344
2110.000,37.000,12.902,5.322
2120.000,32.000,12.123,4.224
2120.000,33.000,11.912,4.916
2120.000,34.000,5.619,6.420
2120.000,35.000,5.704,5.537
2120.000,36.000,6.651,4.248
2120.000,37.000,12.312,5.489
2130.000,32.000,12.649,4.153
2130.000,33.000,12.396,4.869
2130.000,34.000,5.998,6.372
2130.000,35.000,6.019,5.465
2130.000,36.000,7.387,4.176
2130.000,37.000,11.723,5.656
2140.000,32.000,13.175,4.057
2140.000,33.000,12.880,4.821
2140.000,34.000,6.377,6.324
2140.000,35.000,6.335,5.370
2140.000,36.000,8.124,4.081
2140.000,37.000,11.134,5.823
2150.000,32.000,13.701,3.986
2150.000,33.000,13.386,4.773
2150.000,34.000,6.714,6.229
2150.000,35.000,6.651,5.298
2150.000,36.000,8.861,4.010
2150.000,37.000,10.544,5.895
2160.000,32.000,14.227,3.890
2160.000,33.000,13.870,4.749
2160.000,34.000,7.051,6.134
2160.000,35.000,6.945,5.179
2160.000,36.000,9.639,3.914
2160.000,37.000,9.955,6.014
2170.000,32.000,14.754,3.819
2170.000,33.000,14.354,4.702
2170.000,34.000,7.387,6.038
2170.000,35.000,7.261,5.083
2170.000,36.000,10.418,3.842
2170.000,37.000,9.387,6.181
2180.000,33.000,14.859,4.654
2180.000,34.000,7.724,5.943
2180.000,35.000,7.556,4.988
2180.000,36.000,11.197,3.747
2180.000,37.000,8.819,6.348
2190.000,34.000,8.061,5.847
2190.000,35.000,7.850,4.869
2190.000,36.000,11.997,3.604
2190.000,37.000,8.229,6.468
2200.000,34.000,8.377,5.752
2200.000,35.000,8.145,4.773
2200.000,36.000,12.796,3.461
2200.000,37.000,7.640,6.563
2210.000,34.000,8.713,5.680
2210.000,35.000,8.461,4.678
2210.000,36.000,13.596,3.317
2210.000,37.000,7.051,6.635
2220.000,34.000,9.050,5.585
2220.000,35.000,8.755,4.558
2220.000,36.000,14.396,3.174
2220.000,37.000,6.482,6.706
2230.000,34.000,9.387,5.489
2230.000,35.000,9.071,4.463
2230.000,37.000,5.914,6.754
2240.000,34.000,9.660,5.465
2240.000,35.000,9.408,4.367
2240.000,37.000,5.346,6.802
2250.000,34.000,9.934,5.418
2250.000,35.000,9.766,4.272
2250.000,37.000,4.736,6.873
2260.000,34.000,10.208,5.394
2260.000,35.000,10.123,4.176
2260.000,37.000,4.146,6.945
2270.000,34.000,10.502,5.370
2270.000,35.000,10.481,4.081
2270.000,37.000,3.536,7.017
2280.000,34.000,10.776,5.322
2280.000,35.000,10.839,3.986
2280.000,37.000,2.989,7.112
2290.000,34.000,11.049,5.298
2290.000,35.000,11.134,4.010
2290.000,37.000,2.483,7.231
2300.000,34.000,11.302,5.227
2300.000,35.000,11.449,4.010
2300.000,37.000,1.978,7.351
2310.000,34.000,11.555,5.179
2310.000,35.000,11.765,4.010
2310.000,37.000,1.515,7.494
2320.000,34.000,11.807,5.107
2320.000,35.000,12.081,4.010
2320.000,37.000,1.158,7.613
2330.000,34.000,12.060,5.036
2330.000,35.000,12.396,4.010
2330.000,37.000,0.779,7.733
2340.000,34.000,12.312,4.964
2340.000,35.000,12.712,4.010
2340.000,37.000,0.673,7.923
2350.000,34.000,12.607,4.916
2350.000,35.000,13.007,4.010
2350.000,37.000,0.631,8.114
2360.000,34.000,12.944,4.845
2360.000,35.000,13.301,3.914
2360.000,37.000,0.589,8.305
2370.000,34.000,13.280,4.773
2370.000,35.000,13.575,3.842
2370.000,37.000,0.547,8.496
2380.000,34.000,13.617,4.702
2380.000,35.000,13.870,3.771
2380.000,37.000,0.526,8.687
2390.000,34.000,13.933,4.630
2390.000,35.000,14.143,3.675
2390.000,37.000,0.484,8.878
2400.000,34.000,14.270,4.558
2400.000,35.000,14.438,3.604
2410.000,34.000,14.606,4.487
2410.000,35.000,14.712,3.532
2530.000,38.000,14.522,4.535
2530.000,39.000,14.754,5.036
2540.000,38.000,14.017,4.606
2540.000,39.000,14.248,5.107
2550.000,38.000,13.533,4.654
2550.000,39.000,13.743,5.179
2560.000,38.000,12.965,4.678
2560.000,39.000,13.196,5.250
2570.000,38.000,12.417,4.702
2570.000,39.000,12.565,5.346
2580.000,38.000,11.849,4.726
2580.000,39.000,11.954,5.418
2590.000,38.000,11.281,4.749
2590.000,39.000,11.344,5.513
2600.000,38.000,10.755,4.773
2600.000,39.000,10.818,5.537
2610.000,38.000,10.250,4.797
2610.000,39.000,10.313,5.585
2620.000,38.000,9.723,4.821
2620.000,39.000,9.787,5.632
2630.000,38.000,9.218,4.821
2630.000,39.000,9.261,5.656
2640.000,38.000,8.692,4.845
2640.000,39.000,8.755,5.656
2650.000,38.000,8.145,4.845
2650.000,39.000,8.250,5.656
2660.000,38.000,7.619,4.869
2660.000,39.000,7.766,5.656
2670.000,38.000,7.093,4.869
2670.000,39.000,7.261,5.656
2680.000,38.000,6.566,4.845
2680.000,39.000,6.777,5.656
2690.000,38.000,6.040,4.726
2690.000,39.000,6.293,5.680
2700.000,38.000,5.514,4.630
2700.000,39.000,5.809,5.728
2710.000,38.000,4.988,4.511
2710.000,39.000,5.304,5.704
2720.000,38.000,4.462,4.391
2720.000,39.000,4.778,5.537
2730.000,38.000,3.936,4.224
2730.000,39.000,4.230,5.370
2740.000,38.000,3.431,4.081
2740.000,39.000,3.683,5.227
2750.000,38.000,2.904,4.010
2750.000,39.000,3.136,5.060
2760.000,38.000,2.378,3.914
2760.000,39.000,2.610,4.916
2770.000,38.000,1.852,3.819
2770.000,39.000,2.084,4.773
2780.000,38.000,1.284,3.771
2780.000,39.000,1.536,4.678
2790.000,38.000,0.716,3.699
2790.000,39.000,1.010,4.582
2800.000,39.000,0.463,4.511
2880.000,40.000,14.564,3.914
2880.000,41.000,15.069,4.248
2890.000,40.000,14.059,3.962
2890.000,41.000,14.606,4.320
2900.000,40.000,13.554,4.033
2900.000,41.000,14.143,4.391
2910.000,40.000,13.091,4.105
2910.000,41.000,13.701,4.463
2920.000,40.000,12.628,4.176
2920.000,41.000,13.217,4.582
2930.000,40.000,12.165,4.224
2930.000,41.000,12.733,4.678
2940.000,40.000,11.681,4.296
2940.000,41.000,12.249,4.773
2940.000,42.000,0.400,5.752
2950.000,40.000,11.155,4.344
2950.000,41.000,11.807,4.845
2950.000,42.000,0.947,5.728
2960.000,40.000,10.650,4.367
2960.000,41.000,11.386,4.893
2960.000,42.000,1.494,5.704
2970.000,40.000,10.123,4.415
2970.000,41.000,10.944,4.964
2970.000,42.000,1.999,5.704
2980.000,40.000,9.660,4.511
2980.000,41.000,10.523,5.036
2980.000,42.000,2.505,5.728
2990.000,40.000,9.218,4.582
2990.000,41.000,10.081,5.012
2990.000,42.000,3.010,5.752
3000.000,40.000,8.755,4.678
3000.000,41.000,9.639,4.988
3000.000,42.000,3.515,5.799
3010.000,40.000,8.313,4.749
3010.000,41.000,9.197,4.964
3010.000,42.000,3.978,5.799
3020.000,40.000,7.850,4.821
3020.000,41.000,8.776,4.940
3020.000,42.000,4.462,5.799
3030.000,40.000,7.387,4.916
3030.000,41.000,8.355,5.012
3030.000,42.000,4.946,5.799
3030.000,43.000,14.796,4.606
3040.000,40.000,6.924,4.988
3040.000,41.000,7.956,5.060
3040.000,42.000,5.430,5.823
3040.000,43.000,14.122,4.654
3040.000,44.000,0.253,4.869
3050.000,40.000,6.482,5.036
3050.000,41.000,7.556,5.131
3050.000,42.000,5.935,5.823
3050.000,43.000,13.449,4.702
3050.000,44.000,0.716,4.845
3050.000,45.000,0.610,4.081
3060.000,40.000,6.061,5.060
3060.000,41.000,7.135,5.203
3060.000,42.000,6.440,5.823
3060.000,43.000,12.796,4.702
3060.000,44.000,1.200,4.821
3060.000,45.000,1.158,3.986
3070.000,40.000,5.641,5.083
3070.000,41.000,6.714,5.227
3070.000,42.000,6.945,5.823
3070.000,43.000,12.165,4.630
3070.000,44.000,1.684,4.797
3070.000,45.000,1.726,3.866
3080.000,40.000,5.220,5.107
3080.000,41.000,6.293,5.274
3080.000,42.000,7.450,5.823
3080.000,43.000,11.533,4.535
3080.000,44.000,2.210,4.749
3080.000,45.000,2.210,3.866
3090.000,40.000,4.799,5.179
3090.000,41.000,5.872,5.322
3090.000,42.000,7.956,5.823
3090.000,43.000,10.881,4.511
3090.000,44.000,2.736,4.702
3090.000,45.000,2.694,3.842
3100.000,40.000,4.399,5.250
3100.000,41.000,5.451,5.394
3100.000,42.000,8.440,5.823
3100.000,43.000,10.187,4.535
3100.000,44.000,3.262,4.654
3100.000,45.000,3.178,3.819
3110.000,40.000,3.999,5.322
3110.000,41.000,5.030,5.465
3110.000,42.000,8.945,5.823
3110.000,43.000,9.513,4.582
3110.000,44.000,3.809,4.582
3110.000,45.000,3.683,3.771
3120.000,40.000,3.599,5.394
3120.000,41.000,4.609,5.537
3120.000,42.000,9.429,5.752
3120.000,43.000,8.839,4.678
3120.000,44.000,4.336,4.535
3120.000,45.000,4.230,3.723
3130.000,40.000,3.199,5.489
3130.000,41.000,4.188,5.609
3130.000,42.000,9.892,5.704
3130.000,43.000,8.187,4.797
3130.000,44.000,4.883,4.487
3130.000,45.000,4.756,3.675
3130.000,46.000,0.463,4.010
3130.000,47.000,0.400,3.270
3140.000,40.000,2.841,5.632
3140.000,41.000,3.809,5.704
3140.000,42.000,10.376,5.632
3140.000,43.000,7.535,4.940
3140.000,44.000,5.388,4.439
3140.000,45.000,5.283,3.604
3140.000,46.000,1.010,4.057
3140.000,47.000,0.821,3.341
3150.000,40.000,2.483,5.776
3150.000,41.000,3.431,5.776
3150.000,42.000,10.860,5.585
3150.000,43.000,6.882,5.060
3150.000,44.000,5.893,4.415
3150.000,45.000,5.830,3.580
3150.000,46.000,1.557,4.105
3150.000,47.000,1.263,3.413
3160.000,40.000,2.126,5.895
3160.000,41.000,3.052,5.847
3160.000,42.000,11.407,5.513
3160.000,43.000,6.209,5.107
3160.000,44.000,6.398,4.391
3160.000,45.000,6.356,3.580
3160.000,46.000,2.105,4.153
3160.000,47.000,1.705,3.461
3170.000,40.000,1.747,6.062
3170.000,41.000,2.694,5.943
3170.000,42.000,11.975,5.418
3170.000,43.000,5.556,5.179
3170.000,44.000,6.903,4.367
3170.000,45.000,6.882,3.580
3170.000,46.000,2.610,4.224
3170.000,47.000,2.189,3.461
3180.000,40.000,1.347,6.277
3180.000,41.000,2.336,6.038
3180.000,42.000,12.523,5.322
3180.000,43.000,4.883,5.227
3180.000,44.000,7.429,4.320
3180.000,45.000,7.408,3.580
3180.000,46.000,3.115,4.296
3180.000,47.000,2.673,3.461
3190.000,40.000,0.947,6.468
3190.000,41.000,1.999,6.157
3190.000,42.000,13.049,5.250
3190.000,43.000,4.209,5.274
3190.000,44.000,7.977,4.296
3190.000,45.000,7.913,3.508
3190.000,46.000,3.620,4.320
3190.000,47.000,3.157,3.461
3200.000,40.000,0.547,6.683
3200.000,41.000,1.642,6.253
3200.000,42.000,13.533,5.203
3200.000,43.000,3.557,5.298
3200.000,44.000,8.503,4.272
3200.000,45.000,8.398,3.389
3200.000,46.000,4.083,4.320
3200.000,47.000,3.641,3.461
3200.000,48.000,0.737,3.413
3210.000,40.000,0.295,6.897
3210.000,41.000,1.305,6.396
3210.000,42.000,14.038,5.107
3210.000,43.000,2.883,5.322
3210.000,44.000,9.050,4.224
3210.000,45.000,8.882,3.270
3210.000,46.000,4.567,4.320
3210.000,47.000,4.167,3.461
3210.000,48.000,1.242,3.365
3210.000,49.000,14.817,3.580
3210.000,50.000,14.964,4.463
3220.000,40.000,0.084,7.136
3220.000,41.000,0.968,6.563
3220.000,42.000,14.564,4.964
3220.000,43.000,2.210,5.322
3220.000,44.000,9.555,4.129
3220.000,45.000,9.366,3.150
3220.000,46.000,5.051,4.320
3220.000,47.000,4.672,3.437
3220.000,48.000,1.747,3.317
3220.000,49.000,14.248,3.699
3220.000,50.000,14.396,4.606
3230.000,41.000,0.631,6.730
3230.000,43.000,1.536,5.322
3230.000,44.000,10.060,4.033
3230.000,45.000,9.850,3.007
3230.000,46.000,5.577,4.272
3230.000,47.000,5.177,3.413
3230.000,48.000,2.210,3.317
3230.000,49.000,13.680,3.795
3230.000,50.000,13.807,4.773
3240.000,41.000,0.295,6.897
3240.000,43.000,0.863,5.322
3240.000,44.000,10.565,3.914
3240.000,45.000,10.376,2.959
3240.000,46.000,6.125,4.200
3240.000,47.000,5.704,3.389
3240.000,48.000,2.673,3.317
3240.000,49.000,13.112,3.914
3240.000,50.000,13.280,4.845
3250.000,43.000,0.189,5.322
3250.000,44.000,11.092,3.819
3250.000,45.000,10.923,2.912
3250.000,46.000,6.672,4.129
3250.000,47.000,6.251,3.365
3250.000,48.000,3.136,3.317
3250.000,49.000,12.544,4.033
3250.000,50.000,12.754,4.916
3260.000,44.000,11.639,3.699
3260.000,45.000,11.449,2.840
3260.000,46.000,7.219,4.057
3260.000,47.000,6.777,3.341
3260.000,48.000,3.599,3.293
3260.000,49.000,11.954,4.176
3260.000,50.000,12.249,4.988
3270.000,44.000,12.186,3.580
3270.000,45.000,12.018,2.816
3270.000,46.000,7.703,4.057
3270.000,47.000,7.324,3.317
3270.000,48.000,4.083,3.293
3270.000,49.000,11.407,4.320
3270.000,50.000,11.744,5.107
3280.000,44.000,12.712,3.604
3280.000,45.000,12.565,2.816
3280.000,46.000,8.187,4.033
3280.000,47.000,7.850,3.293
3280.000,48.000,4.588,3.270
3280.000,49.000,10.902,4.439
3280.000,50.000,11.260,5.227
3290.000,44.000,13.238,3.628
3290.000,45.000,13.133,2.792
3290.000,46.000,8.692,4.010
3290.000,47.000,8.377,3.293
3290.000,48.000,5.072,3.270
3290.000,49.000,10.418,4.582
3290.000,50.000,10.755,5.346
3300.000,44.000,13.764,3.651
3300.000,45.000,13.680,2.792
3300.000,46.000,9.176,3.986
3300.000,47.000,8.882,3.293
3300.000,48.000,5.556,3.246
3300.000,49.000,9.913,4.726
3300.000,50.000,10.250,5.441
3310.000,44.000,14.291,3.651
3310.000,45.000,14.206,2.864
3310.000,46.000,9.702,3.986
3310.000,47.000,9.408,3.293
3310.000,48.000,6.019,3.246
3310.000,49.000,9.429,4.797
3310.000,50.000,9.723,5.489
3320.000,44.000,14.817,3.675
3320.000,45.000,14.733,2.912
3320.000,46.000,10.250,3.986
3320.000,47.000,9.934,3.293
3320.000,48.000,6.503,3.246
3320.000,49.000,8.945,4.749
3320.000,50.000,9.197,5.537
3330.000,46.000,10.776,3.986
3330.000,47.000,10.418,3.317
3330.000,48.000,6.987,3.270
3330.000,49.000,8.440,4.702
3330.000,50.000,8.671,5.585
3340.000,46.000,11.323,3.986
3340.000,47.000,10.923,3.341
3340.000,48.000,7.514,3.270
3340.000,49.000,7.956,4.654
3340.000,50.000,8.145,5.632
3340.000,51.000,0.358,3.246
3350.000,46.000,11.849,3.986
3350.000,47.000,11.407,3.341
3350.000,48.000,8.040,3.293
3350.000,49.000,7.471,4.654
3350.000,50.000,7.661,5.680
3350.000,51.000,0.968,3.246
3360.000,46.000,12.396,3.986
3360.000,47.000,11.912,3.365
3360.000,48.000,8.566,3.293
3360.000,49.000,6.945,4.726
3360.000,50.000,7.177,5.728
3360.000,51.000,1.557,3.246
3370.000,46.000,12.923,3.986
3370.000,47.000,12.417,3.365
3370.000,48.000,9.092,3.293
3370.000,49.000,6.440,4.797
3370.000,50.000,6.693,5.776
3370.000,51.000,2.105,3.222
3370.000,53.000,0.210,6.826
3380.000,46.000,13.470,4.010
3380.000,47.000,12.880,3.341
3380.000,48.000,9.618,3.293
3380.000,49.000,5.914,4.869
3380.000,50.000,6.209,5.799
3380.000,51.000,2.631,3.174
3380.000,52.000,0.505,4.057
3380.000,53.000,0.695,6.706
3390.000,46.000,13.996,4.010
3390.000,47.000,13.365,3.317
3390.000,48.000,10.165,3.293
3390.000,49.000,5.451,4.988
3390.000,50.000,5.704,5.895
3390.000,51.000,3.157,3.126
3390.000,52.000,1.052,4.010
3390.000,53.000,1.200,6.611
3400.000,46.000,14.543,4.010
3400.000,47.000,13.849,3.293
3400.000,48.000,10.692,3.293
3400.000,49.000,4.988,5.107
3400.000,50.000,5.199,5.966
3400.000,51.000,3.683,3.103
3400.000,52.000,1.621,3.962
3400.000,53.000,1.726,6.563
3410.000,46.000,15.090,4.010
3410.000,47.000,14.312,3.270
3410.000,48.000,11.239,3.293
3410.000,49.000,4.525,5.227
3410.000,50.000,4.714,6.038
3410.000,51.000,4.230,3.031
3410.000,52.000,2.168,3.914
3410.000,53.000,2.294,6.563
3420.000,47.000,14.796,3.246
3420.000,48.000,11.744,3.270
3420.000,49.000,3.999,5.346
3420.000,50.000,4.251,6.062
3420.000,51.000,4.778,2.983
3420.000,52.000,2.736,3.866
3420.000,53.000,2.841,6.539
3430.000,48.000,12.270,3.222
3430.000,49.000,3.494,5.489
3430.000,50.000,3.830,6.110
3430.000,51.000,5.346,2.936
3430.000,52.000,3.283,3.819
3430.000,53.000,3.346,6.515
3440.000,48.000,12.775,3.174
3440.000,49.000,2.968,5.632
3440.000,50.000,3.389,6.134
3440.000,51.000,5.914,2.912
3440.000,52.000,3.873,3.771
3440.000,53.000,3.873,6.492
3450.000,48.000,13.301,3.126
3450.000,49.000,2.483,5.776
3450.000,50.000,2.946,6.181
3450.000,51.000,6.524,2.888
3450.000,52.000,4.462,3.747
3450.000,53.000,4.399,6.444
3460.000,48.000,13.828,3.103
3460.000,49.000,2.021,5.943
3460.000,50.000,2.526,6.372
3460.000,51.000,7.114,2.864
3460.000,52.000,5.051,3.699
3460.000,53.000,4.946,6.253
3470.000,48.000,14.354,3.079
3470.000,49.000,1.557,6.086
3470.000,50.000,2.084,6.539
3470.000,51.000,7.703,2.840
3470.000,52.000,5.662,3.675
3470.000,53.000,5.493,6.038
3480.000,48.000,14.880,3.055
3480.000,49.000,1.094,6.253
3480.000,50.000,1.663,6.730
3480.000,51.000,8.313,2.840
3480.000,52.000,6.272,3.675
3480.000,53.000,6.061,5.823
3490.000,49.000,0.716,6.492
3490.000,50.000,1.305,6.897
3490.000,51.000,8.903,2.816
3490.000,52.000,6.882,3.699
3490.000,53.000,6.630,5.656
3500.000,49.000,0.358,6.754
3500.000,50.000,0.968,7.088
3500.000,51.000,9.492,2.816
3500.000,52.000,7.514,3.699
3500.000,53.000,7.219,5.489
3510.000,50.000,0.652,7.255
3510.000,51.000,10.102,2.792
3510.000,52.000,8.145,3.699
3510.000,53.000,7.808,5.298
3520.000,51.000,10.734,2.768
3520.000,52.000,8.819,3.651
3520.000,53.000,8.377,5.203
3530.000,51.000,11.365,2.745
3530.000,52.000,9.471,3.628
3530.000,53.000,8.966,5.131
3540.000,51.000,11.997,2.721
3540.000,52.000,10.144,3.580
3540.000,53.000,9.534,5.060
3550.000,51.000,12.607,2.697
3550.000,52.000,10.776,3.532
3550.000,53.000,10.123,4.893
3560.000,51.000,13.238,2.673
3560.000,52.000,11.386,3.484
3560.000,53.000,10.692,4.702
3570.000,51.000,13.870,2.625
3570.000,52.000,11.997,3.437
3570.000,53.000,11.260,4.511
3580.000,51.000,14.501,2.601
3580.000,52.000,12.628,3.365
3580.000,53.000,11.828,4.320
3580.000,54.000,14.859,4.033
3590.000,52.000,13.259,3.246
3590.000,53.000,12.396,4.129
3590.000,54.000,14.585,4.153
3590.000,55.000,14.943,4.535
3590.000,56.000,0.274,8.162
3600.000,52.000,13.912,3.126
3600.000,53.000,12.944,3.938
3600.000,54.000,14.354,4.248
3600.000,55.000,14.859,4.367
3600.000,56.000,0.421,7.828
3610.000,52.000,14.543,3.007
3610.000,53.000,13.575,3.723
3610.000,54.000,14.291,4.367
3610.000,55.000,14.754,4.200
3610.000,56.000,0.547,7.494
3620.000,53.000,14.248,3.484
3620.000,54.000,14.227,4.463
3620.000,55.000,14.648,4.033
3620.000,56.000,0.737,7.184
3630.000,53.000,14.859,3.317
3630.000,54.000,14.143,4.582
3630.000,55.000,14.248,3.866
3630.000,56.000,1.158,6.945
3630.000,58.000,14.880,4.749
3640.000,54.000,13.785,4.606
3640.000,55.000,13.828,3.723
3640.000,56.000,1.579,6.730
3640.000,58.000,14.501,4.916
3650.000,54.000,13.449,4.630
3650.000,55.000,13.301,3.747
3650.000,56.000,2.021,6.563
3650.000,58.000,14.080,5.107
3650.000,59.000,15.048,4.367
3660.000,54.000,12.986,4.630
3660.000,55.000,12.775,3.795
3660.000,56.000,2.505,6.468
3660.000,57.000,0.168,6.348
3660.000,58.000,13.533,5.274
3660.000,59.000,14.522,4.582
3670.000,54.000,12.523,4.606
3670.000,55.000,12.249,3.819
3670.000,56.000,2.968,6.372
3670.000,57.000,0.589,5.990
3670.000,58.000,12.986,5.441
3670.000,59.000,14.017,4.773
3680.000,54.000,12.018,4.606
3680.000,55.000,11.765,3.842
3680.000,56.000,3.409,6.301
3680.000,57.000,1.010,5.609
3680.000,58.000,12.481,5.561
3680.000,59.000,13.512,4.964
3690.000,54.000,11.449,4.606
3690.000,55.000,11.281,3.866
3690.000,56.000,3.852,6.277
3690.000,57.000,1.452,5.274
3690.000,58.000,11.975,5.632
3690.000,59.000,13.007,5.083
3700.000,54.000,10.902,4.630
3700.000,55.000,10.776,3.866
3700.000,56.000,4.293,6.229
3700.000,57.000,1.999,5.083
3700.000,58.000,11.491,5.704
3700.000,59.000,12.481,5.131
3710.000,54.000,10.397,4.630
3710.000,55.000,10.292,3.866
3710.000,56.000,4.756,6.181
3710.000,57.000,2.547,4.893
3710.000,58.000,11.070,5.799
3710.000,59.000,11.954,5.179
3720.000,54.000,9.934,4.606
3720.000,55.000,9.787,3.866
3720.000,56.000,5.262,6.110
3720.000,57.000,3.052,4.630
3720.000,58.000,10.671,5.871
3720.000,59.000,11.470,5.227
3730.000,54.000,9.471,4.582
3730.000,55.000,9.281,3.866
3730.000,56.000,5.767,6.062
3730.000,57.000,3.536,4.320
3730.000,58.000,10.271,5.943
3730.000,59.000,10.986,5.250
3740.000,54.000,9.008,4.558
3740.000,55.000,8.819,3.914
3740.000,56.000,6.272,5.966
3740.000,57.000,4.041,4.033
3740.000,58.000,9.913,6.086
3740.000,59.000,10.544,5.346
3750.000,54.000,8.566,4.558
3750.000,55.000,8.355,3.962
3750.000,56.000,6.714,5.799
3750.000,57.000,4.525,3.819
3750.000,58.000,9.555,6.229
3750.000,59.000,10.102,5.441
3760.000,54.000,8.103,4.606
3760.000,55.000,7.892,3.986
3760.000,56.000,7.156,5.632
3760.000,57.000,5.030,3.604
3760.000,58.000,9.176,6.348
3760.000,59.000,9.660,5.609
3760.000,60.000,0.337,4.081
3770.000,54.000,7.661,4.630
3770.000,55.000,7.429,4.010
3770.000,56.000,7.598,5.441
3770.000,57.000,5.514,3.389
3770.000,58.000,8.755,6.492
3770.000,59.000,9.218,5.847
3770.000,60.000,0.779,4.057
3770.000,61.000,0.568,3.556
3770.000,62.000,0.610,2.936
3780.000,54.000,7.198,4.678
3780.000,55.000,6.987,4.033
3780.000,56.000,8.103,5.394
3780.000,57.000,6.125,3.293
3780.000,58.000,8.313,6.635
3780.000,59.000,8.797,6.086
3780.000,60.000,1.242,4.033
3780.000,61.000,1.031,3.508
3780.000,62.000,1.052,2.959
3790.000,54.000,6.777,4.773
3790.000,55.000,6.545,4.033
3790.000,56.000,8.629,5.346
3790.000,57.000,6.735,3.198
3790.000,58.000,7.892,6.754
3790.000,59.000,8.313,6.134
3790.000,60.000,1.684,4.010
3790.000,61.000,1.515,3.484
3790.000,62.000,1.494,2.983
3800.000,54.000,6.356,4.845
3800.000,55.000,6.104,4.057
3800.000,56.000,9.155,5.298
3800.000,57.000,7.324,3.246
3800.000,58.000,7.366,6.778
3800.000,59.000,7.829,6.134
3800.000,60.000,2.126,4.010
3800.000,61.000,1.957,3.461
3800.000,62.000,1.957,2.936
3810.000,54.000,5.935,4.916
3810.000,55.000,5.662,4.057
3810.000,56.000,9.681,5.227
3810.000,57.000,7.871,3.389
3810.000,58.000,6.840,6.802
3810.000,59.000,7.324,6.134
3810.000,60.000,2.568,4.010
3810.000,61.000,2.378,3.413
3810.000,62.000,2.420,2.840
3810.000,63.000,14.880,2.745
3820.000,54.000,5.493,5.012
3820.000,55.000,5.220,4.129
3820.000,56.000,10.229,5.179
3820.000,57.000,8.440,3.532
3820.000,58.000,6.335,6.802
3820.000,59.000,6.861,6.134
3820.000,60.000,3.010,4.010
3820.000,61.000,2.820,3.389
3820.000,62.000,2.883,2.768
3820.000,63.000,14.417,2.673
3830.000,54.000,5.009,5.036
3830.000,55.000,4.756,4.224
3830.000,56.000,10.755,5.107
3830.000,57.000,9.008,3.675
3830.000,58.000,5.809,6.802
3830.000,59.000,6.377,6.134
3830.000,60.000,3.452,4.010
3830.000,61.000,3.241,3.365
3830.000,62.000,3.346,2.745
3830.000,63.000,13.975,2.673
3840.000,54.000,4.525,5.060
3840.000,55.000,4.314,4.320
3840.000,56.000,11.281,5.036
3840.000,57.000,9.576,3.795
3840.000,58.000,5.283,6.802
3840.000,59.000,5.914,6.134
3840.000,60.000,3.894,3.986
3840.000,61.000,3.704,3.341
3840.000,62.000,3.809,2.745
3840.000,63.000,13.554,2.625
3850.000,54.000,4.041,5.083
3850.000,55.000,3.830,4.272
3850.000,56.000,11.807,4.964
3850.000,57.000,10.144,3.914
3850.000,58.000,4.778,6.778
3850.000,59.000,5.451,6.134
3850.000,60.000,4.357,3.962
3850.000,61.000,4.167,3.341
3850.000,62.000,4.272,2.768
3850.000,63.000,13.196,2.458
3860.000,54.000,3.578,5.036
3860.000,55.000,3.367,4.224
3860.000,56.000,12.333,4.893
3860.000,57.000,10.628,4.033
3860.000,58.000,4.272,6.802
3860.000,59.000,4.988,6.110
3860.000,60.000,4.820,4.010
3860.000,61.000,4.630,3.341
3860.000,62.000,4.778,2.840
3860.000,63.000,12.859,2.291
3860.000,64.000,15.048,3.365
3870.000,54.000,3.115,4.964
3870.000,55.000,2.904,4.176
3870.000,56.000,12.859,4.845
3870.000,57.000,11.070,4.129
3870.000,58.000,3.788,6.826
3870.000,59.000,4.504,6.062
3870.000,60.000,5.283,4.057
3870.000,61.000,5.072,3.341
3870.000,62.000,5.304,2.912
3870.000,63.000,12.565,2.076
3870.000,64.000,14.627,3.079
3880.000,54.000,2.652,4.893
3880.000,55.000,2.420,4.057
3880.000,56.000,13.386,4.749
3880.000,57.000,11.512,4.248
3880.000,58.000,3.304,6.849
3880.000,59.000,4.041,6.038
3880.000,60.000,5.746,4.105
3880.000,61.000,5.535,3.389
3880.000,62.000,5.809,2.959
3880.000,63.000,12.291,1.838
3880.000,64.000,14.206,2.840
3890.000,54.000,2.189,4.797
3890.000,55.000,1.915,3.938
3890.000,56.000,13.954,4.630
3890.000,57.000,12.039,4.248
3890.000,58.000,2.820,6.873
3890.000,59.000,3.557,6.014
3890.000,60.000,6.188,4.153
3890.000,61.000,5.977,3.461
3890.000,62.000,6.314,3.031
3890.000,63.000,12.039,1.647
3890.000,64.000,13.807,2.697
3900.000,54.000,1.726,4.678
3900.000,55.000,1.431,3.819
3900.000,56.000,14.501,4.535
3900.000,57.000,12.586,4.248
3900.000,58.000,2.315,6.778
3900.000,59.000,3.094,5.966
3900.000,60.000,6.651,4.200
3900.000,61.000,6.419,3.508
3900.000,62.000,6.735,3.103
3900.000,63.000,11.807,1.456
3900.000,64.000,13.428,2.578
3910.000,54.000,1.284,4.582
3910.000,55.000,0.905,3.723
3910.000,56.000,15.069,4.415
3910.000,57.000,13.133,4.248
3910.000,58.000,1.810,6.659
3910.000,59.000,2.610,5.919
3910.000,60.000,7.093,4.248
3910.000,61.000,6.882,3.580
3910.000,62.000,7.177,3.174
3910.000,63.000,11.639,1.217
3910.000,64.000,13.112,2.363
3920.000,54.000,0.821,4.463
3920.000,55.000,0.379,3.651
3920.000,57.000,13.659,4.200
3920.000,58.000,1.305,6.563
3920.000,59.000,2.105,5.871
3920.000,60.000,7.577,4.320
3920.000,61.000,7.324,3.651
3920.000,62.000,7.598,3.246
3920.000,63.000,11.533,0.931
3920.000,64.000,12.859,2.100
3930.000,54.000,0.358,4.344
3930.000,57.000,14.164,4.057
3930.000,58.000,0.821,6.444
3930.000,59.000,1.621,5.823
3930.000,60.000,8.061,4.367
3930.000,61.000,7.829,3.675
3930.000,62.000,8.082,3.246
3930.000,63.000,11.428,0.644
3930.000,64.000,12.586,1.861
3940.000,57.000,14.669,3.914
3940.000,58.000,0.316,6.324
3940.000,59.000,1.115,5.704
3940.000,60.000,8.545,4.439
3940.000,61.000,8.334,3.699
3940.000,62.000,8.587,3.246
3940.000,63.000,11.323,0.382
3940.000,64.000,12.333,1.575
3950.000,59.000,0.631,5.609
3950.000,60.000,9.029,4.487
3950.000,61.000,8.839,3.723
3950.000,62.000,9.071,3.246
3950.000,63.000,11.218,0.191
3950.000,64.000,12.060,1.265
3960.000,60.000,9.555,4.487
3960.000,61.000,9.345,3.747
3960.000,62.000,9.576,3.246
3960.000,63.000,11.113,-0.000
3960.000,64.000,11.807,0.955
3970.000,60.000,10.081,4.511
3970.000,61.000,9.850,3.747
3970.000,62.000,10.081,3.246
3970.000,63.000,11.007,-0.191
3970.000,64.000,11.555,0.644
3980.000,60.000,10.607,4.511
3980.000,61.000,10.376,3.771
3980.000,62.000,10.565,3.293
3980.000,64.000,11.344,0.406
3990.000,60.000,11.113,4.535
3990.000,61.000,10.902,3.771
3990.000,62.000,11.049,3.317
3990.000,64.000,11.155,0.167
4000.000,60.000,11.597,4.558
4000.000,61.000,11.407,3.795
4000.000,62.000,11.555,3.341
4000.000,64.000,10.965,-0.072
4010.000,60.000,12.102,4.582
4010.000,61.000,11.933,3.795
4010.000,62.000,12.039,3.341
4020.000,60.000,12.586,4.606
4020.000,61.000,12.460,3.819
4020.000,62.000,12.544,3.341
4020.000,65.000,12.691,12.052
4020.000,66.000,13.386,12.100
4030.000,60.000,13.091,4.630
4030.000,61.000,12.965,3.842
4030.000,62.000,13.049,3.341
4030.000,65.000,12.775,11.718
4030.000,66.000,13.407,11.885
4040.000,60.000,13.575,4.654
4040.000,61.000,13.470,3.866
4040.000,62.000,13.575,3.341
4040.000,65.000,12.859,11.384
4040.000,66.000,13.407,11.670
4050.000,60.000,14.080,4.678
4050.000,61.000,13.975,3.890
4050.000,62.000,14.080,3.341
4050.000,65.000,12.944,11.050
4050.000,66.000,13.428,11.456
4060.000,60.000,14.564,4.702
4060.000,61.000,14.501,3.914
4060.000,62.000,14.585,3.341
4060.000,65.000,12.986,10.764
4060.000,66.000,13.449,11.217
4070.000,65.000,12.986,10.525
4070.000,66.000,13.512,10.907
4080.000,65.000,12.986,10.262
4080.000,66.000,13.575,10.596
4090.000,65.000,12.986,10.024
4090.000,66.000,13.617,10.286
4100.000,65.000,12.986,9.785
4100.000,66.000,13.680,9.976
4110.000,65.000,12.986,9.523
4110.000,66.000,13.701,9.713
4120.000,65.000,12.986,9.260
4120.000,66.000,13.701,9.427
4130.000,65.000,12.986,9.021
4130.000,66.000,13.722,9.165
4140.000,65.000,12.986,8.759
4140.000,66.000,13.722,8.878
4150.000,65.000,12.986,8.496
4150.000,66.000,13.722,8.616
4160.000,65.000,12.986,8.234
4160.000,66.000,13.722,8.329
4170.000,65.000,12.986,7.995
4170.000,66.000,13.722,8.043
4180.000,65.000,12.944,7.709
4180.000,66.000,13.722,7.756
4190.000,65.000,12.880,7.422
4190.000,66.000,13.722,7.470
4200.000,65.000,12.817,7.136
4200.000,66.000,13.659,7.160
4210.000,65.000,12.712,6.849
4210.000,66.000,13.533,6.849
4220.000,65.000,12.544,6.611
4220.000,66.000,13.407,6.563
4230.000,65.000,12.354,6.396
4230.000,66.000,13.175,6.277
4240.000,65.000,12.060,6.277
4240.000,66.000,12.859,5.990
4250.000,65.000,11.765,6.134
4250.000,66.000,12.544,5.704
4260.000,65.000,11.470,6.014
4260.000,66.000,12.102,5.609
4270.000,65.000,11.113,5.990
4270.000,66.000,11.681,5.513
4280.000,65.000,10.755,5.990
4280.000,66.000,11.260,5.418
4290.000,65.000,10.376,6.014
4290.000,66.000,10.818,5.418
4300.000,65.000,10.018,6.038
4300.000,66.000,10.376,5.441
4310.000,65.000,9.660,6.110
4310.000,66.000,9.934,5.441
4320.000,65.000,9.303,6.181
4320.000,66.000,9.492,5.465
4320.000,67.000,14.754,6.826
4330.000,65.000,8.945,6.277
4330.000,66.000,9.050,5.513
4330.000,67.000,14.312,6.754
4340.000,65.000,8.566,6.348
4340.000,66.000,8.629,5.585
4340.000,67.000,13.870,6.659
4350.000,65.000,8.208,6.444
4350.000,66.000,8.208,5.680
4350.000,67.000,13.428,6.539
4360.000,65.000,7.829,6.515
4360.000,66.000,7.787,5.752
4360.000,67.000,13.007,6.372
4360.000,68.000,0.463,3.986
4360.000,69.000,0.547,2.792
4370.000,65.000,7.450,6.611
4370.000,66.000,7.366,5.823
4370.000,67.000,12.586,6.181
4370.000,68.000,0.905,4.033
4370.000,69.000,1.326,2.816
4380.000,65.000,7.072,6.683
4380.000,66.000,6.966,5.919
4380.000,67.000,12.102,6.062
4380.000,68.000,1.347,4.057
4380.000,69.000,2.105,2.864
4390.000,65.000,6.693,6.754
4390.000,66.000,6.588,5.990
4390.000,67.000,11.639,5.966
4390.000,68.000,1.789,4.033
4390.000,69.000,2.841,2.888
4400.000,65.000,6.293,6.802
4400.000,66.000,6.209,6.062
4400.000,67.000,11.155,5.895
4400.000,68.000,2.231,4.033
4400.000,69.000,3.557,2.936
4410.000,65.000,5.914,6.873
4410.000,66.000,5.809,6.134
4410.000,67.000,10.671,5.823
4410.000,68.000,2.673,4.010
4410.000,69.000,4.272,2.983
4420.000,65.000,5.514,6.921
4420.000,66.000,5.430,6.181
4420.000,67.000,10.208,5.871
4420.000,68.000,3.115,3.986
4420.000,69.000,4.988,2.983
4430.000,65.000,5.135,6.945
4430.000,66.000,5.030,6.205
4430.000,67.000,9.745,5.919
4430.000,68.000,3.536,3.962
4430.000,69.000,5.725,2.983
4440.000,65.000,4.778,6.993
4440.000,66.000,4.651,6.253
4440.000,67.000,9.281,5.966
4440.000,68.000,3.978,3.938
4440.000,69.000,6.461,2.983
4450.000,65.000,4.399,7.040
4450.000,66.000,4.251,6.277
4450.000,67.000,8.797,6.110
4450.000,68.000,4.399,3.914
4450.000,69.000,7.219,3.007
4460.000,65.000,4.041,7.064
4460.000,66.000,3.873,6.301
4460.000,67.000,8.334,6.229
4460.000,68.000,4.820,3.890
4460.000,69.000,8.019,3.031
4460.000,70.000,5.072,4.558
4470.000,65.000,3.662,7.112
4470.000,66.000,3.515,6.301
4470.000,67.000,7.850,6.348
4470.000,68.000,5.262,3.866
4470.000,69.000,8.797,3.055
4470.000,70.000,5.514,4.558
4480.000,65.000,3.283,7.088
4480.000,66.000,3.157,6.301
4480.000,67.000,7.387,6.348
4480.000,68.000,5.746,3.842
4480.000,69.000,9.618,3.079
4480.000,70.000,5.956,4.535
4490.000,65.000,2.904,7.064
4490.000,66.000,2.799,6.301
4490.000,67.000,6.924,6.372
4490.000,68.000,6.251,3.819
4490.000,69.000,10.439,3.103
4490.000,70.000,6.419,4.511
4500.000,65.000,2.526,7.040
4500.000,66.000,2.441,6.301
4500.000,67.000,6.461,6.372
4500.000,68.000,6.756,3.795
4500.000,69.000,11.281,3.103
4500.000,70.000,6.819,4.535
